48 32
-0.001802 0.000000 1.000000
1.000000 0.000000 -0.996396
-0.001802 0.000000 -1.000000
-0.001665 0.000690 1.000000
0.923880 -0.382683 -0.996396
-0.001665 0.000690 -1.000000
-0.001274 0.001274 1.000000
0.707107 -0.707107 -0.996396
-0.001274 0.001274 -1.000000
-0.000690 0.001665 1.000000
0.382683 -0.923880 -0.996396
-0.000690 0.001665 -1.000000
0.000000 0.001802 1.000000
0.000000 -1.000000 -0.996396
0.000000 0.001802 -1.000000
0.000690 0.001665 1.000000
-0.382683 -0.923880 -0.996396
0.000690 0.001665 -1.000000
0.001274 0.001274 1.000000
-0.707107 -0.707107 -0.996396
0.001274 0.001274 -1.000000
0.001665 0.000690 1.000000
-0.923880 -0.382683 -0.996396
0.001665 0.000690 -1.000000
0.001802 0.000000 1.000000
-1.000000 0.000000 -0.996396
0.001802 0.000000 -1.000000
0.001665 -0.000690 1.000000
-0.923880 0.382684 -0.996396
0.001665 -0.000690 -1.000000
0.001274 -0.001274 1.000000
-0.707107 0.707107 -0.996396
0.001274 -0.001274 -1.000000
0.000690 -0.001665 1.000000
-0.382683 0.923880 -0.996396
0.000690 -0.001665 -1.000000
0.000000 -0.001802 1.000000
0.000000 1.000000 -0.996396
0.000000 -0.001802 -1.000000
-0.000690 -0.001665 1.000000
0.382684 0.923880 -0.996396
-0.000690 -0.001665 -1.000000
-0.001274 -0.001274 1.000000
0.707107 0.707107 -0.996396
-0.001274 -0.001274 -1.000000
-0.001665 -0.000690 1.000000
0.923880 0.382683 -0.996396
-0.001665 -0.000690 -1.000000
4 0 1 4 3 
4 1 2 5 4 
4 3 4 7 6 
4 4 5 8 7 
4 6 7 10 9 
4 7 8 11 10 
4 9 10 13 12 
4 10 11 14 13 
4 12 13 16 15 
4 13 14 17 16 
4 15 16 19 18 
4 16 17 20 19 
4 18 19 22 21 
4 19 20 23 22 
4 21 22 25 24 
4 22 23 26 25 
4 24 25 28 27 
4 25 26 29 28 
4 27 28 31 30 
4 28 29 32 31 
4 30 31 34 33 
4 31 32 35 34 
4 33 34 37 36 
4 34 35 38 37 
4 36 37 40 39 
4 37 38 41 40 
4 39 40 43 42 
4 40 41 44 43 
4 42 43 46 45 
4 43 44 47 46 
4 45 46 1 0 
4 46 47 2 1 
