1597 3080
0.000000 0.271445 -0.362357
0.100845 0.256457 -0.356455
0.000000 0.256457 -0.367772
0.099590 0.271445 -0.351180
0.000000 0.281437 -0.362040
0.099516 0.281437 -0.350871
0.000000 0.286433 -0.365733
0.100372 0.286433 -0.354468
0.000000 0.286433 -0.372349
0.101905 0.286433 -0.360912
0.000000 0.281437 -0.380800
0.103864 0.281437 -0.369144
0.000000 0.271445 -0.389999
0.105995 0.271445 -0.378103
0.000000 0.256457 -0.398858
0.108048 0.256457 -0.386732
0.192858 0.256457 -0.324125
0.190459 0.271445 -0.319253
0.190318 0.281437 -0.318968
0.191955 0.286433 -0.322291
0.194887 0.286433 -0.328243
0.198632 0.281437 -0.335847
0.202708 0.271445 -0.344123
0.206634 0.256457 -0.352094
0.273605 0.256457 -0.273221
0.270201 0.271445 -0.268982
0.270001 0.281437 -0.268734
0.272323 0.286433 -0.271625
0.276483 0.286433 -0.276803
0.281796 0.281437 -0.283418
0.287579 0.271445 -0.290619
0.293148 0.256457 -0.297553
0.340649 0.256457 -0.206177
0.336410 0.271445 -0.202773
0.336162 0.281437 -0.202573
0.339053 0.286433 -0.204895
0.344231 0.286433 -0.209055
0.350846 0.281437 -0.214368
0.358047 0.271445 -0.220151
0.364981 0.256457 -0.225720
0.391553 0.256457 -0.125430
0.386681 0.271445 -0.123031
0.386396 0.281437 -0.122890
0.389719 0.286433 -0.124527
0.395671 0.286433 -0.127459
0.403275 0.281437 -0.131204
0.411551 0.271445 -0.135280
0.419521 0.256457 -0.139206
0.423883 0.256457 -0.033417
0.418608 0.271445 -0.032162
0.418299 0.281437 -0.032088
0.421896 0.286433 -0.032944
0.428340 0.286433 -0.034477
0.436572 0.281437 -0.036435
0.445531 0.271445 -0.038567
0.454160 0.256457 -0.040620
0.435200 0.256457 0.067428
0.429785 0.271445 0.067428
0.429468 0.281437 0.067428
0.433161 0.286433 0.067428
0.439777 0.286433 0.067428
0.448228 0.281437 0.067428
0.457427 0.271445 0.067428
0.466286 0.256457 0.067428
0.423883 0.256457 0.168273
0.418608 0.271445 0.167018
0.418299 0.281437 0.166944
0.421896 0.286433 0.167800
0.428340 0.286433 0.169333
0.436572 0.281437 0.171291
0.445531 0.271445 0.173423
0.454160 0.256457 0.175476
0.391553 0.256457 0.260286
0.386681 0.271445 0.257887
0.386396 0.281437 0.257746
0.389719 0.286433 0.259383
0.395671 0.286433 0.262315
0.403275 0.281437 0.266060
0.411551 0.271445 0.270136
0.419521 0.256457 0.274062
0.340649 0.256457 0.341033
0.336410 0.271445 0.337629
0.336162 0.281437 0.337429
0.339053 0.286433 0.339751
0.344231 0.286433 0.343911
0.350846 0.281437 0.349224
0.358047 0.271445 0.355007
0.364981 0.256457 0.360576
0.273605 0.256457 0.408077
0.270201 0.271445 0.403838
0.270001 0.281437 0.403590
0.272323 0.286433 0.406481
0.276483 0.286433 0.411659
0.281796 0.281437 0.418274
0.287579 0.271445 0.425475
0.293148 0.256457 0.432409
0.192858 0.256457 0.458981
0.190459 0.271445 0.454109
0.190318 0.281437 0.453824
0.191955 0.286433 0.457147
0.194887 0.286433 0.463099
0.198632 0.281437 0.470703
0.202708 0.271445 0.478979
0.206634 0.256457 0.486949
0.100845 0.256457 0.491311
0.099590 0.271445 0.486036
0.099516 0.281437 0.485727
0.100372 0.286433 0.489324
0.101905 0.286433 0.495768
0.103863 0.281437 0.504000
0.105995 0.271445 0.512959
0.108048 0.256457 0.521588
0.000000 0.256457 0.502628
0.000000 0.271445 0.497213
0.000000 0.281437 0.496896
0.000000 0.286433 0.500589
0.000000 0.286433 0.507205
0.000000 0.281437 0.515656
0.000000 0.271445 0.524855
0.000000 0.256457 0.533714
-0.100845 0.256457 0.491311
-0.099590 0.271445 0.486036
-0.099516 0.281437 0.485727
-0.100372 0.286433 0.489324
-0.101905 0.286433 0.495768
-0.103864 0.281437 0.504000
-0.105995 0.271445 0.512959
-0.108048 0.256457 0.521588
-0.192858 0.256457 0.458981
-0.190459 0.271445 0.454109
-0.190318 0.281437 0.453824
-0.191955 0.286433 0.457147
-0.194887 0.286433 0.463099
-0.198632 0.281437 0.470703
-0.202708 0.271445 0.478979
-0.206634 0.256457 0.486949
-0.273605 0.256457 0.408077
-0.270201 0.271445 0.403838
-0.270001 0.281437 0.403590
-0.272323 0.286433 0.406481
-0.276483 0.286433 0.411659
-0.281796 0.281437 0.418274
-0.287579 0.271445 0.425475
-0.293148 0.256457 0.432409
-0.340649 0.256457 0.341033
-0.336410 0.271445 0.337629
-0.336162 0.281437 0.337429
-0.339053 0.286433 0.339751
-0.344231 0.286433 0.343911
-0.350846 0.281437 0.349224
-0.358047 0.271445 0.355007
-0.364981 0.256457 0.360576
-0.391553 0.256457 0.260286
-0.386681 0.271445 0.257887
-0.386396 0.281437 0.257746
-0.389719 0.286433 0.259383
-0.395671 0.286433 0.262315
-0.403275 0.281437 0.266060
-0.411551 0.271445 0.270136
-0.419521 0.256457 0.274062
-0.423883 0.256457 0.168273
-0.418608 0.271445 0.167018
-0.418299 0.281437 0.166944
-0.421896 0.286433 0.167800
-0.428340 0.286433 0.169333
-0.436572 0.281437 0.171291
-0.445531 0.271445 0.173423
-0.454160 0.256457 0.175476
-0.435200 0.256457 0.067428
-0.429785 0.271445 0.067428
-0.429468 0.281437 0.067428
-0.433161 0.286433 0.067428
-0.439777 0.286433 0.067428
-0.448228 0.281437 0.067428
-0.457427 0.271445 0.067428
-0.466286 0.256457 0.067428
-0.423883 0.256457 -0.033417
-0.418608 0.271445 -0.032162
-0.418299 0.281437 -0.032088
-0.421896 0.286433 -0.032944
-0.428340 0.286433 -0.034477
-0.436572 0.281437 -0.036435
-0.445531 0.271445 -0.038567
-0.454160 0.256457 -0.040620
-0.391553 0.256457 -0.125430
-0.386681 0.271445 -0.123031
-0.386396 0.281437 -0.122890
-0.389719 0.286433 -0.124527
-0.395671 0.286433 -0.127459
-0.403275 0.281437 -0.131204
-0.411551 0.271445 -0.135280
-0.419521 0.256457 -0.139206
-0.340649 0.256457 -0.206177
-0.336410 0.271445 -0.202773
-0.336162 0.281437 -0.202573
-0.339053 0.286433 -0.204895
-0.344231 0.286433 -0.209055
-0.350846 0.281437 -0.214368
-0.358047 0.271445 -0.220151
-0.364981 0.256457 -0.225721
-0.273605 0.256457 -0.273221
-0.270201 0.271445 -0.268982
-0.270001 0.281437 -0.268734
-0.272323 0.286433 -0.271625
-0.276483 0.286433 -0.276803
-0.281796 0.281437 -0.283418
-0.287579 0.271445 -0.290619
-0.293148 0.256457 -0.297553
-0.192858 0.256457 -0.324125
-0.190459 0.271445 -0.319253
-0.190318 0.281437 -0.318968
-0.191955 0.286433 -0.322291
-0.194887 0.286433 -0.328243
-0.198632 0.281437 -0.335847
-0.202708 0.271445 -0.344123
-0.206634 0.256457 -0.352094
-0.100845 0.256457 -0.356455
-0.099590 0.271445 -0.351180
-0.099516 0.281437 -0.350871
-0.100372 0.286433 -0.354468
-0.101905 0.286433 -0.360912
-0.103863 0.281437 -0.369144
-0.105995 0.271445 -0.378103
-0.108048 0.256457 -0.386732
0.000000 0.186582 -0.431938
0.115713 0.186582 -0.418951
0.000000 0.117115 -0.463658
0.123063 0.117115 -0.449847
0.000000 0.048464 -0.492659
0.129783 0.048464 -0.478094
0.000000 -0.018964 -0.517582
0.135559 -0.018964 -0.502368
0.000000 -0.084761 -0.537067
0.140074 -0.084761 -0.521347
0.000000 -0.148518 -0.549755
0.143014 -0.148518 -0.533705
0.000000 -0.209829 -0.554287
0.144064 -0.209829 -0.538119
0.221293 0.186582 -0.381855
0.235350 0.117115 -0.410394
0.248202 0.048464 -0.436487
0.259246 -0.018964 -0.458910
0.267881 -0.084761 -0.476442
0.273504 -0.148518 -0.487857
0.275512 -0.209829 -0.491934
0.313945 0.186582 -0.323446
0.333887 0.117115 -0.348274
0.352120 0.048464 -0.370975
0.367789 -0.018964 -0.390483
0.380039 -0.084761 -0.405735
0.388016 -0.148518 -0.415666
0.390865 -0.209829 -0.419213
0.390874 0.186582 -0.246517
0.415702 0.117115 -0.266459
0.438403 0.048464 -0.284692
0.457911 -0.018964 -0.300361
0.473163 -0.084761 -0.312611
0.483094 -0.148518 -0.320588
0.486641 -0.209829 -0.323437
0.449283 0.186582 -0.153865
0.477822 0.117115 -0.167922
0.503915 0.048464 -0.180774
0.526338 -0.018964 -0.191818
0.543869 -0.084761 -0.200453
0.555285 -0.148518 -0.206076
0.559362 -0.209829 -0.208084
0.486379 0.186582 -0.048285
0.517274 0.117115 -0.055635
0.545521 0.048464 -0.062355
0.569796 -0.018964 -0.068131
0.588775 -0.084761 -0.072646
0.601133 -0.148518 -0.075586
0.605547 -0.209829 -0.076636
0.499366 0.186582 0.067428
0.531086 0.117115 0.067428
0.560087 0.048464 0.067428
0.585010 -0.018964 0.067428
0.604495 -0.084761 0.067428
0.617183 -0.148518 0.067428
0.621715 -0.209829 0.067428
0.486379 0.186582 0.183141
0.517274 0.117115 0.190491
0.545521 0.048464 0.197211
0.569796 -0.018964 0.202987
0.588775 -0.084761 0.207502
0.601133 -0.148518 0.210442
0.605547 -0.209829 0.211492
0.449283 0.186582 0.288721
0.477822 0.117115 0.302778
0.503915 0.048464 0.315630
0.526338 -0.018964 0.326674
0.543869 -0.084761 0.335309
0.555285 -0.148518 0.340932
0.559362 -0.209829 0.342940
0.390874 0.186582 0.381373
0.415702 0.117115 0.401315
0.438403 0.048464 0.419548
0.457911 -0.018964 0.435217
0.473163 -0.084761 0.447467
0.483094 -0.148518 0.455444
0.486641 -0.209829 0.458293
0.313945 0.186582 0.458302
0.333887 0.117115 0.483130
0.352120 0.048464 0.505831
0.367789 -0.018964 0.525339
0.380039 -0.084761 0.540591
0.388016 -0.148518 0.550522
0.390865 -0.209829 0.554069
0.221293 0.186582 0.516711
0.235350 0.117115 0.545250
0.248202 0.048464 0.571343
0.259246 -0.018964 0.593766
0.267881 -0.084761 0.611297
0.273504 -0.148518 0.622713
0.275512 -0.209829 0.626790
0.115713 0.186582 0.553807
0.123063 0.117115 0.584702
0.129783 0.048464 0.612949
0.135559 -0.018964 0.637224
0.140074 -0.084761 0.656203
0.143014 -0.148518 0.668561
0.144064 -0.209829 0.672974
0.000000 0.186582 0.566794
0.000000 0.117115 0.598514
0.000000 0.048464 0.627515
0.000000 -0.018964 0.652438
0.000000 -0.084761 0.671923
0.000000 -0.148518 0.684611
0.000000 -0.209829 0.689143
-0.115713 0.186582 0.553807
-0.123063 0.117115 0.584702
-0.129783 0.048464 0.612949
-0.135559 -0.018964 0.637224
-0.140074 -0.084761 0.656203
-0.143014 -0.148518 0.668561
-0.144064 -0.209829 0.672974
-0.221293 0.186582 0.516711
-0.235350 0.117115 0.545250
-0.248202 0.048464 0.571343
-0.259246 -0.018964 0.593766
-0.267881 -0.084761 0.611297
-0.273504 -0.148518 0.622713
-0.275512 -0.209829 0.626790
-0.313945 0.186582 0.458302
-0.333887 0.117115 0.483130
-0.352120 0.048464 0.505831
-0.367789 -0.018964 0.525339
-0.380039 -0.084761 0.540591
-0.388016 -0.148518 0.550522
-0.390865 -0.209829 0.554069
-0.390874 0.186582 0.381373
-0.415702 0.117115 0.401315
-0.438403 0.048464 0.419548
-0.457911 -0.018964 0.435217
-0.473163 -0.084761 0.447467
-0.483094 -0.148518 0.455444
-0.486641 -0.209829 0.458293
-0.449283 0.186582 0.288721
-0.477822 0.117115 0.302778
-0.503915 0.048464 0.315630
-0.526338 -0.018964 0.326674
-0.543869 -0.084761 0.335309
-0.555285 -0.148518 0.340932
-0.559362 -0.209829 0.342940
-0.486379 0.186582 0.183141
-0.517274 0.117115 0.190491
-0.545521 0.048464 0.197211
-0.569796 -0.018964 0.202987
-0.588775 -0.084761 0.207502
-0.601133 -0.148518 0.210442
-0.605547 -0.209829 0.211492
-0.499366 0.186582 0.067428
-0.531086 0.117115 0.067428
-0.560087 0.048464 0.067428
-0.585010 -0.018964 0.067428
-0.604495 -0.084761 0.067428
-0.617183 -0.148518 0.067428
-0.621715 -0.209829 0.067428
-0.486379 0.186582 -0.048285
-0.517274 0.117115 -0.055635
-0.545521 0.048464 -0.062355
-0.569796 -0.018964 -0.068131
-0.588775 -0.084761 -0.072646
-0.601133 -0.148518 -0.075586
-0.605547 -0.209829 -0.076636
-0.449283 0.186582 -0.153865
-0.477822 0.117115 -0.167922
-0.503915 0.048464 -0.180774
-0.526338 -0.018964 -0.191818
-0.543869 -0.084761 -0.200453
-0.555285 -0.148518 -0.206076
-0.559362 -0.209829 -0.208084
-0.390874 0.186582 -0.246517
-0.415702 0.117115 -0.266459
-0.438403 0.048464 -0.284692
-0.457911 -0.018964 -0.300361
-0.473163 -0.084761 -0.312611
-0.483094 -0.148518 -0.320588
-0.486641 -0.209829 -0.323437
-0.313945 0.186582 -0.323446
-0.333887 0.117115 -0.348274
-0.352120 0.048464 -0.370975
-0.367789 -0.018964 -0.390483
-0.380039 -0.084761 -0.405735
-0.388016 -0.148518 -0.415666
-0.390865 -0.209829 -0.419213
-0.221293 0.186582 -0.381855
-0.235350 0.117115 -0.410394
-0.248202 0.048464 -0.436487
-0.259246 -0.018964 -0.458910
-0.267881 -0.084761 -0.476442
-0.273504 -0.148518 -0.487857
-0.275512 -0.209829 -0.491934
-0.115713 0.186582 -0.418951
-0.123063 0.117115 -0.449847
-0.129783 0.048464 -0.478094
-0.135559 -0.018964 -0.502368
-0.140074 -0.084761 -0.521347
-0.143014 -0.148518 -0.533705
-0.144064 -0.209829 -0.538119
0.000000 -0.265566 -0.545677
0.142069 -0.265566 -0.529733
0.000000 -0.313146 -0.523473
0.136924 -0.313146 -0.508106
0.000000 -0.352977 -0.493112
0.129888 -0.352977 -0.478535
0.000000 -0.385468 -0.460033
0.122223 -0.385468 -0.446316
0.000000 -0.411025 -0.429672
0.115188 -0.411025 -0.416744
0.000000 -0.430057 -0.407468
0.110043 -0.430057 -0.395118
0.000000 -0.442972 -0.398858
0.108048 -0.442972 -0.386732
0.271697 -0.265566 -0.484188
0.261857 -0.313146 -0.464211
0.248403 -0.352977 -0.436895
0.233743 -0.385468 -0.407133
0.220289 -0.411025 -0.379817
0.210449 -0.430057 -0.359840
0.206634 -0.442972 -0.352094
0.385452 -0.265566 -0.412474
0.371492 -0.313146 -0.395094
0.352405 -0.352977 -0.371330
0.331608 -0.385468 -0.345437
0.312521 -0.411025 -0.321672
0.298561 -0.430057 -0.304292
0.293148 -0.442972 -0.297553
0.479902 -0.265566 -0.318024
0.462522 -0.313146 -0.304064
0.438758 -0.352977 -0.284977
0.412865 -0.385468 -0.264180
0.389100 -0.411025 -0.245093
0.371720 -0.430057 -0.231133
0.364981 -0.442972 -0.225720
0.551616 -0.265566 -0.204269
0.531639 -0.313146 -0.194429
0.504323 -0.352977 -0.180975
0.474561 -0.385468 -0.166315
0.447245 -0.411025 -0.152861
0.427268 -0.430057 -0.143021
0.419521 -0.442972 -0.139206
0.597161 -0.265566 -0.074641
0.575534 -0.313146 -0.069496
0.545963 -0.352977 -0.062461
0.513744 -0.385468 -0.054795
0.484172 -0.411025 -0.047760
0.462546 -0.430057 -0.042615
0.454160 -0.442972 -0.040620
0.613105 -0.265566 0.067428
0.590901 -0.313146 0.067428
0.560540 -0.352977 0.067428
0.527461 -0.385468 0.067428
0.497100 -0.411025 0.067428
0.474896 -0.430057 0.067428
0.466286 -0.442972 0.067428
0.597161 -0.265566 0.209497
0.575534 -0.313146 0.204352
0.545963 -0.352977 0.197316
0.513744 -0.385468 0.189651
0.484172 -0.411025 0.182616
0.462546 -0.430057 0.177471
0.454160 -0.442972 0.175476
0.551616 -0.265566 0.339125
0.531639 -0.313146 0.329285
0.504323 -0.352977 0.315831
0.474561 -0.385468 0.301171
0.447245 -0.411025 0.287717
0.427268 -0.430057 0.277877
0.419521 -0.442972 0.274062
0.479902 -0.265566 0.452880
0.462522 -0.313146 0.438920
0.438757 -0.352977 0.419833
0.412865 -0.385468 0.399036
0.389100 -0.411025 0.379949
0.371720 -0.430057 0.365989
0.364981 -0.442972 0.360576
0.385452 -0.265566 0.547330
0.371492 -0.313146 0.529950
0.352405 -0.352977 0.506185
0.331608 -0.385468 0.480293
0.312521 -0.411025 0.456528
0.298561 -0.430057 0.439148
0.293148 -0.442972 0.432409
0.271697 -0.265566 0.619044
0.261857 -0.313146 0.599066
0.248403 -0.352977 0.571751
0.233743 -0.385468 0.541989
0.220289 -0.411025 0.514673
0.210449 -0.430057 0.494696
0.206634 -0.442972 0.486949
0.142069 -0.265566 0.664589
0.136924 -0.313146 0.642962
0.129888 -0.352977 0.613391
0.122223 -0.385468 0.581171
0.115188 -0.411025 0.551600
0.110043 -0.430057 0.529974
0.108048 -0.442972 0.521588
0.000000 -0.265566 0.680533
0.000000 -0.313146 0.658329
0.000000 -0.352977 0.627968
0.000000 -0.385468 0.594889
0.000000 -0.411025 0.564528
0.000000 -0.430057 0.542324
0.000000 -0.442972 0.533714
-0.142069 -0.265566 0.664589
-0.136924 -0.313146 0.642962
-0.129888 -0.352977 0.613391
-0.122223 -0.385468 0.581171
-0.115188 -0.411025 0.551600
-0.110043 -0.430057 0.529974
-0.108048 -0.442972 0.521588
-0.271697 -0.265566 0.619044
-0.261857 -0.313146 0.599066
-0.248403 -0.352977 0.571751
-0.233743 -0.385468 0.541989
-0.220289 -0.411025 0.514673
-0.210449 -0.430057 0.494696
-0.206634 -0.442972 0.486949
-0.385452 -0.265566 0.547330
-0.371492 -0.313146 0.529950
-0.352405 -0.352977 0.506185
-0.331608 -0.385468 0.480293
-0.312521 -0.411025 0.456528
-0.298561 -0.430057 0.439148
-0.293148 -0.442972 0.432409
-0.479902 -0.265566 0.452880
-0.462522 -0.313146 0.438920
-0.438758 -0.352977 0.419833
-0.412865 -0.385468 0.399036
-0.389100 -0.411025 0.379949
-0.371720 -0.430057 0.365989
-0.364981 -0.442972 0.360576
-0.551616 -0.265566 0.339125
-0.531639 -0.313146 0.329285
-0.504323 -0.352977 0.315831
-0.474561 -0.385468 0.301171
-0.447245 -0.411025 0.287717
-0.427268 -0.430057 0.277877
-0.419521 -0.442972 0.274062
-0.597161 -0.265566 0.209497
-0.575534 -0.313146 0.204352
-0.545963 -0.352977 0.197316
-0.513744 -0.385468 0.189651
-0.484172 -0.411025 0.182616
-0.462546 -0.430057 0.177471
-0.454160 -0.442972 0.175476
-0.613105 -0.265566 0.067428
-0.590901 -0.313146 0.067428
-0.560540 -0.352977 0.067428
-0.527461 -0.385468 0.067428
-0.497100 -0.411025 0.067428
-0.474896 -0.430057 0.067428
-0.466286 -0.442972 0.067428
-0.597161 -0.265566 -0.074641
-0.575534 -0.313146 -0.069496
-0.545963 -0.352977 -0.062461
-0.513744 -0.385468 -0.054795
-0.484172 -0.411025 -0.047760
-0.462546 -0.430057 -0.042615
-0.454160 -0.442972 -0.040620
-0.551616 -0.265566 -0.204269
-0.531639 -0.313146 -0.194429
-0.504323 -0.352977 -0.180975
-0.474561 -0.385468 -0.166315
-0.447245 -0.411025 -0.152861
-0.427268 -0.430057 -0.143021
-0.419521 -0.442972 -0.139206
-0.479902 -0.265566 -0.318024
-0.462522 -0.313146 -0.304064
-0.438757 -0.352977 -0.284977
-0.412865 -0.385468 -0.264180
-0.389100 -0.411025 -0.245093
-0.371720 -0.430057 -0.231133
-0.364981 -0.442972 -0.225721
-0.385452 -0.265566 -0.412474
-0.371492 -0.313146 -0.395094
-0.352405 -0.352977 -0.371330
-0.331608 -0.385468 -0.345437
-0.312521 -0.411025 -0.321672
-0.298561 -0.430057 -0.304292
-0.293148 -0.442972 -0.297553
-0.271697 -0.265566 -0.484188
-0.261857 -0.313146 -0.464211
-0.248403 -0.352977 -0.436895
-0.233743 -0.385468 -0.407133
-0.220289 -0.411025 -0.379817
-0.210449 -0.430057 -0.359840
-0.206634 -0.442972 -0.352094
-0.142069 -0.265566 -0.529733
-0.136924 -0.313146 -0.508106
-0.129888 -0.352977 -0.478535
-0.122223 -0.385468 -0.446316
-0.115188 -0.411025 -0.416744
-0.110043 -0.430057 -0.395118
-0.108048 -0.442972 -0.386732
0.000000 0.139682 0.652257
0.034258 0.143760 0.563078
0.000000 0.139886 0.564800
0.034258 0.143545 0.652543
0.000000 0.138255 0.727751
0.034258 0.142039 0.729653
0.000000 0.134380 0.790738
0.034258 0.137949 0.793895
0.000000 0.126835 0.840674
0.034258 0.129987 0.844756
0.000000 0.114396 0.877017
0.034258 0.116859 0.881720
0.000000 0.095840 0.899221
0.034258 0.097275 0.904276
0.000000 0.069943 0.906743
0.034258 0.069943 0.911909
0.057096 0.153752 0.558637
0.057096 0.153508 0.653281
0.057096 0.151797 0.734560
0.057096 0.147155 0.802039
0.057096 0.138114 0.855282
0.057096 0.123209 0.893852
0.057096 0.100974 0.917314
0.057096 0.069943 0.925231
0.068516 0.167414 0.552565
0.068516 0.167130 0.654290
0.068516 0.165141 0.741270
0.068516 0.159742 0.813174
0.068516 0.149227 0.869674
0.068516 0.131893 0.910440
0.068516 0.106033 0.935141
0.068516 0.069943 0.943448
0.068516 0.182300 0.545949
0.068516 0.181973 0.655389
0.068516 0.179680 0.748580
0.068516 0.173456 0.825307
0.068516 0.161336 0.885356
0.068516 0.141354 0.928513
0.068516 0.111545 0.954564
0.068516 0.069943 0.963295
0.057096 0.195962 0.539877
0.057096 0.195595 0.656398
0.057096 0.193023 0.755289
0.057096 0.186043 0.836442
0.057096 0.172449 0.899748
0.057096 0.150037 0.945101
0.057096 0.116603 0.972391
0.057096 0.069943 0.981512
0.034258 0.205954 0.535436
0.034258 0.205558 0.657136
0.034258 0.202782 0.760196
0.034258 0.195248 0.844586
0.034258 0.180576 0.910274
0.034258 0.156387 0.957232
0.034258 0.120303 0.985429
0.034258 0.069943 0.994834
0.000000 0.209829 0.533714
0.000000 0.209421 0.657423
0.000000 0.206566 0.762099
0.000000 0.198817 0.847743
0.000000 0.183728 0.914356
0.000000 0.158850 0.961936
0.000000 0.121737 0.990484
0.000000 0.069943 1.000000
-0.034258 0.205954 0.535436
-0.034258 0.205558 0.657136
-0.034258 0.202782 0.760196
-0.034258 0.195248 0.844586
-0.034258 0.180576 0.910274
-0.034258 0.156387 0.957232
-0.034258 0.120303 0.985429
-0.034258 0.069943 0.994834
-0.057096 0.195962 0.539877
-0.057096 0.195595 0.656398
-0.057096 0.193023 0.755289
-0.057096 0.186043 0.836442
-0.057096 0.172449 0.899748
-0.057096 0.150037 0.945101
-0.057096 0.116603 0.972391
-0.057096 0.069943 0.981512
-0.068516 0.182300 0.545949
-0.068516 0.181973 0.655389
-0.068516 0.179680 0.748580
-0.068516 0.173456 0.825307
-0.068516 0.161336 0.885356
-0.068516 0.141354 0.928513
-0.068516 0.111545 0.954564
-0.068516 0.069943 0.963295
-0.068516 0.167414 0.552565
-0.068516 0.167130 0.654290
-0.068516 0.165141 0.741270
-0.068516 0.159742 0.813174
-0.068516 0.149227 0.869674
-0.068516 0.131893 0.910440
-0.068516 0.106033 0.935141
-0.068516 0.069943 0.943448
-0.057096 0.153752 0.558637
-0.057096 0.153508 0.653281
-0.057096 0.151797 0.734560
-0.057096 0.147155 0.802039
-0.057096 0.138114 0.855282
-0.057096 0.123209 0.893852
-0.057096 0.100974 0.917314
-0.057096 0.069943 0.925231
-0.034258 0.143760 0.563078
-0.034258 0.143545 0.652543
-0.034258 0.142039 0.729653
-0.034258 0.137949 0.793895
-0.034258 0.129987 0.844756
-0.034258 0.116859 0.881720
-0.034258 0.097275 0.904276
-0.034258 0.069943 0.911909
0.000000 0.036093 0.902846
0.034258 0.034689 0.907856
0.000000 -0.003874 0.890792
0.034258 -0.006254 0.895346
0.000000 -0.047512 0.870038
0.034258 -0.050562 0.873848
0.000000 -0.092374 0.840040
0.034258 -0.095913 0.842836
0.000000 -0.136011 0.800254
0.034258 -0.139984 0.801780
0.000000 -0.175979 0.750136
0.034258 -0.180452 0.750151
0.034258 -0.214995 0.687421
0.057096 0.031067 0.920777
0.057096 -0.012391 0.907088
0.057096 -0.058427 0.883675
0.057096 -0.105041 0.850048
0.057096 -0.150228 0.805716
0.057096 -0.191988 0.750190
0.057096 -0.228317 0.682980
0.068516 0.026114 0.938445
0.068516 -0.020782 0.923145
0.068516 -0.069182 0.897112
0.068516 -0.117521 0.859908
0.068516 -0.164236 0.811098
0.068516 -0.207761 0.750243
0.068516 -0.246534 0.676908
0.068516 0.020718 0.957695
0.068516 -0.029925 0.940640
0.068516 -0.080900 0.911752
0.068516 -0.131119 0.870652
0.068516 -0.179497 0.816961
0.068516 -0.224947 0.750301
0.068516 -0.266381 0.670292
0.057096 0.015766 0.975362
0.057096 -0.038316 0.956696
0.057096 -0.091654 0.925188
0.057096 -0.143600 0.880512
0.057096 -0.193505 0.822343
0.057096 -0.240720 0.750354
0.057096 -0.284598 0.664220
0.034258 0.012144 0.988283
0.034258 -0.044453 0.968439
0.034258 -0.099519 0.935015
0.034258 -0.152728 0.887724
0.034258 -0.203749 0.826279
0.034258 -0.252256 0.750393
0.034258 -0.297920 0.659779
0.000000 0.010740 0.993294
0.000000 -0.046833 0.972993
0.000000 -0.102569 0.938825
0.000000 -0.156267 0.890520
0.000000 -0.207722 0.827805
0.000000 -0.256729 0.750408
0.000000 -0.303086 0.658057
-0.034258 0.012144 0.988283
-0.034258 -0.044453 0.968439
-0.034258 -0.099519 0.935015
-0.034258 -0.152728 0.887724
-0.034258 -0.203749 0.826279
-0.034258 -0.252256 0.750393
-0.034258 -0.297920 0.659779
-0.057096 0.015766 0.975362
-0.057096 -0.038316 0.956696
-0.057096 -0.091654 0.925188
-0.057096 -0.143600 0.880512
-0.057096 -0.193505 0.822343
-0.057096 -0.240720 0.750354
-0.057096 -0.284598 0.664220
-0.068516 0.020718 0.957695
-0.068516 -0.029925 0.940640
-0.068516 -0.080900 0.911752
-0.068516 -0.131119 0.870652
-0.068516 -0.179497 0.816961
-0.068516 -0.224947 0.750301
-0.068516 -0.266381 0.670292
-0.068516 0.026114 0.938445
-0.068516 -0.020782 0.923145
-0.068516 -0.069182 0.897112
-0.068516 -0.117521 0.859908
-0.068516 -0.164236 0.811098
-0.068516 -0.207761 0.750243
-0.068516 -0.246534 0.676908
-0.057096 0.031067 0.920777
-0.057096 -0.012391 0.907088
-0.057096 -0.058427 0.883675
-0.057096 -0.105041 0.850048
-0.057096 -0.150228 0.805716
-0.057096 -0.191988 0.750190
-0.057096 -0.228317 0.682980
-0.034258 0.034689 0.907856
-0.034258 -0.006254 0.895346
-0.034258 -0.050562 0.873848
-0.034258 -0.095913 0.842836
-0.034258 -0.139984 0.801780
-0.034258 -0.180452 0.750151
-0.034258 -0.214995 0.687421
0.000000 -0.034734 -0.559815
0.075367 -0.060835 -0.461030
0.000000 -0.046629 -0.461030
0.072774 -0.047001 -0.562647
0.000000 -0.002855 -0.623255
0.066085 -0.012776 -0.627563
0.000000 0.043298 -0.661682
0.056940 0.035903 -0.666652
0.000000 0.098015 -0.685427
0.046975 0.093102 -0.690789
0.000000 0.155587 -0.704821
0.037830 0.152884 -0.710846
0.000000 0.210304 -0.730198
0.031142 0.209314 -0.737698
0.000000 0.256457 -0.771887
0.028548 0.256457 -0.782219
0.125612 -0.097471 -0.461030
0.121289 -0.078636 -0.569949
0.110142 -0.038363 -0.638671
0.094900 0.016832 -0.679470
0.078292 0.080430 -0.704616
0.063050 0.145912 -0.726382
0.051903 0.206760 -0.757041
0.047580 0.256457 -0.808864
0.150734 -0.147567 -0.461030
0.145547 -0.121894 -0.579933
0.132170 -0.073348 -0.653861
0.113880 -0.009244 -0.696996
0.093951 0.063103 -0.723523
0.075660 0.136379 -0.747626
0.062283 0.203269 -0.783489
0.057096 0.256457 -0.845296
0.150734 -0.202148 -0.461030
0.145547 -0.169025 -0.590812
0.132170 -0.111467 -0.670410
0.113880 -0.037656 -0.716091
0.093951 0.044224 -0.744123
0.075660 0.125992 -0.770772
0.062283 0.199464 -0.812306
0.057096 0.256457 -0.884992
0.125612 -0.252243 -0.461030
0.121289 -0.212282 -0.600796
0.110142 -0.146453 -0.685599
0.094900 -0.063733 -0.733617
0.078292 0.026897 -0.763030
0.063050 0.116459 -0.792016
0.051903 0.195972 -0.838754
0.047580 0.256457 -0.921425
0.075367 -0.288880 -0.461030
0.072774 -0.243918 -0.608098
0.066085 -0.172039 -0.696708
0.056940 -0.082804 -0.746435
0.046975 0.014226 -0.776857
0.037830 0.109487 -0.807552
0.031142 0.193418 -0.858097
0.028548 0.256457 -0.948070
0.000000 -0.303086 -0.461030
0.000000 -0.256185 -0.610930
0.000000 -0.181960 -0.701015
0.000000 -0.090199 -0.751405
0.000000 0.009312 -0.782219
0.000000 0.106784 -0.813576
0.000000 0.192428 -0.865597
0.000000 0.256457 -0.958401
-0.075367 -0.288880 -0.461030
-0.072774 -0.243918 -0.608098
-0.066085 -0.172039 -0.696708
-0.056940 -0.082804 -0.746435
-0.046975 0.014226 -0.776857
-0.037830 0.109487 -0.807552
-0.031142 0.193418 -0.858097
-0.028548 0.256457 -0.948070
-0.125612 -0.252243 -0.461030
-0.121289 -0.212282 -0.600796
-0.110142 -0.146453 -0.685599
-0.094900 -0.063733 -0.733617
-0.078292 0.026897 -0.763030
-0.063050 0.116459 -0.792016
-0.051903 0.195972 -0.838754
-0.047580 0.256457 -0.921425
-0.150734 -0.202148 -0.461030
-0.145547 -0.169025 -0.590812
-0.132170 -0.111467 -0.670410
-0.113880 -0.037656 -0.716091
-0.093951 0.044225 -0.744123
-0.075660 0.125992 -0.770772
-0.062283 0.199464 -0.812306
-0.057096 0.256457 -0.884992
-0.150734 -0.147567 -0.461030
-0.145547 -0.121894 -0.579933
-0.132170 -0.073348 -0.653861
-0.113880 -0.009244 -0.696996
-0.093951 0.063103 -0.723523
-0.075660 0.136379 -0.747626
-0.062283 0.203269 -0.783489
-0.057096 0.256457 -0.845296
-0.125612 -0.097471 -0.461030
-0.121289 -0.078636 -0.569949
-0.110142 -0.038363 -0.638671
-0.094900 0.016832 -0.679470
-0.078292 0.080430 -0.704616
-0.063050 0.145912 -0.726382
-0.051903 0.206760 -0.757041
-0.047580 0.256457 -0.808864
-0.075367 -0.060835 -0.461030
-0.072774 -0.047001 -0.562647
-0.066085 -0.012776 -0.627563
-0.056940 0.035903 -0.666652
-0.046975 0.093102 -0.690789
-0.037830 0.152884 -0.710846
-0.031142 0.209314 -0.737698
-0.028548 0.256457 -0.782219
0.000000 0.265022 -0.785028
0.027916 0.265157 -0.795982
0.000000 0.270731 -0.797082
0.026284 0.270985 -0.808124
0.000000 0.273586 -0.806960
0.024054 0.273925 -0.817654
0.000000 0.273586 -0.813576
0.021623 0.273959 -0.823582
0.000000 0.270731 -0.815842
0.019393 0.271070 -0.824919
0.000000 0.265022 -0.812670
0.017761 0.265242 -0.820675
0.000000 0.256457 -0.802973
0.017129 0.256457 -0.809860
0.046526 0.265507 -0.824233
0.043807 0.271641 -0.836601
0.040089 0.274799 -0.845231
0.036039 0.274920 -0.849385
0.032321 0.271944 -0.848327
0.029602 0.265810 -0.841319
0.028548 0.256457 -0.827624
0.055831 0.265985 -0.862861
0.052568 0.272537 -0.875539
0.048107 0.275994 -0.882938
0.043247 0.276235 -0.884667
0.038785 0.273139 -0.880334
0.035523 0.266587 -0.869546
0.034258 0.256457 -0.851912
0.055831 0.266506 -0.904948
0.052568 0.273514 -0.917964
0.048107 0.277296 -0.924022
0.043247 0.277667 -0.923109
0.038785 0.274441 -0.915207
0.035523 0.267433 -0.900302
0.034258 0.256457 -0.878376
0.046526 0.266984 -0.943576
0.043807 0.274410 -0.956901
0.040089 0.278491 -0.961730
0.036039 0.278981 -0.958391
0.032321 0.275636 -0.947214
0.029602 0.268210 -0.928529
0.028548 0.256457 -0.902664
0.027916 0.267333 -0.971826
0.026284 0.275065 -0.985378
0.024054 0.279365 -0.989307
0.021623 0.279943 -0.984194
0.019393 0.276510 -0.970623
0.017761 0.268778 -0.949173
0.017129 0.256457 -0.920428
0.000000 0.267469 -0.982780
0.000000 0.275319 -0.996420
0.000000 0.279704 -1.000000
0.000000 0.280315 -0.994200
0.000000 0.276849 -0.979699
0.000000 0.268998 -0.957178
0.000000 0.256457 -0.927316
-0.027916 0.267333 -0.971826
-0.026284 0.275065 -0.985378
-0.024054 0.279365 -0.989307
-0.021623 0.279943 -0.984194
-0.019393 0.276510 -0.970623
-0.017761 0.268778 -0.949173
-0.017129 0.256457 -0.920428
-0.046526 0.266984 -0.943576
-0.043807 0.274410 -0.956901
-0.040089 0.278491 -0.961730
-0.036039 0.278981 -0.958391
-0.032321 0.275636 -0.947214
-0.029602 0.268210 -0.928529
-0.028548 0.256457 -0.902664
-0.055831 0.266506 -0.904948
-0.052568 0.273514 -0.917963
-0.048107 0.277296 -0.924022
-0.043247 0.277667 -0.923109
-0.038785 0.274441 -0.915207
-0.035523 0.267433 -0.900302
-0.034258 0.256457 -0.878376
-0.055831 0.265985 -0.862861
-0.052568 0.272537 -0.875539
-0.048107 0.275994 -0.882938
-0.043247 0.276235 -0.884667
-0.038785 0.273139 -0.880334
-0.035523 0.266587 -0.869546
-0.034258 0.256457 -0.851912
-0.046526 0.265507 -0.824233
-0.043807 0.271641 -0.836601
-0.040089 0.274799 -0.845231
-0.036039 0.274920 -0.849385
-0.032321 0.271944 -0.848327
-0.029602 0.265810 -0.841319
-0.028548 0.256457 -0.827624
-0.027916 0.265157 -0.795982
-0.026284 0.270985 -0.808124
-0.024054 0.273925 -0.817653
-0.021623 0.273959 -0.823582
-0.019393 0.271070 -0.824919
-0.017761 0.265242 -0.820675
-0.017129 0.256457 -0.809860
0.000000 0.484298 -0.011057
0.000000 0.489600 0.067428
0.018248 0.484298 -0.009026
0.000000 0.470025 -0.042777
0.025622 0.470025 -0.039925
0.000000 0.449225 -0.041871
0.025409 0.449225 -0.039042
0.000000 0.424348 -0.022476
0.020894 0.424348 -0.020148
0.000000 0.397838 0.001269
0.015365 0.397838 0.002984
0.000000 0.372145 0.015226
0.012107 0.372145 0.016581
0.000000 0.349715 0.005256
0.014406 0.349715 0.006873
0.034866 0.484298 -0.003220
0.048956 0.470025 -0.031772
0.048550 0.449225 -0.030955
0.039926 0.424348 -0.013494
0.029366 0.397838 0.007885
0.023148 0.372145 0.020455
0.027551 0.349715 0.011492
0.049425 0.484298 0.005933
0.069399 0.470025 -0.018919
0.068824 0.449225 -0.018207
0.056604 0.424348 -0.003005
0.041639 0.397838 0.015608
0.032833 0.372145 0.026557
0.039086 0.349715 0.018764
0.061495 0.484298 0.018003
0.086347 0.470025 -0.001971
0.085635 0.449225 -0.001396
0.070433 0.424348 0.010824
0.051820 0.397838 0.025789
0.040871 0.372145 0.034595
0.048664 0.349715 0.028342
0.070648 0.484298 0.032562
0.099200 0.470025 0.018472
0.098383 0.449225 0.018878
0.080922 0.424348 0.027501
0.059543 0.397838 0.038062
0.046972 0.372145 0.044280
0.055936 0.349715 0.039877
0.076454 0.484298 0.049180
0.107353 0.470025 0.041806
0.106470 0.449225 0.042019
0.087576 0.424348 0.046534
0.064444 0.397838 0.052063
0.050846 0.372145 0.055321
0.060555 0.349715 0.053022
0.078485 0.484298 0.067428
0.110205 0.470025 0.067428
0.109299 0.449225 0.067428
0.089904 0.424348 0.067428
0.066159 0.397838 0.067428
0.052202 0.372145 0.067428
0.062172 0.349715 0.067428
0.076454 0.484298 0.085676
0.107353 0.470025 0.093050
0.106470 0.449225 0.092837
0.087576 0.424348 0.088322
0.064444 0.397838 0.082793
0.050846 0.372145 0.079535
0.060555 0.349715 0.081834
0.070648 0.484298 0.102294
0.099200 0.470025 0.116384
0.098383 0.449225 0.115978
0.080922 0.424348 0.107354
0.059543 0.397838 0.096794
0.046972 0.372145 0.090576
0.055936 0.349715 0.094979
0.061495 0.484298 0.116853
0.086347 0.470025 0.136827
0.085635 0.449225 0.136252
0.070433 0.424348 0.124032
0.051820 0.397838 0.109067
0.040871 0.372145 0.100261
0.048664 0.349715 0.106514
0.049425 0.484298 0.128923
0.069399 0.470025 0.153775
0.068824 0.449225 0.153063
0.056604 0.424348 0.137861
0.041639 0.397838 0.119248
0.032833 0.372145 0.108299
0.039086 0.349715 0.116092
0.034866 0.484298 0.138076
0.048956 0.470025 0.166628
0.048550 0.449225 0.165810
0.039926 0.424348 0.148350
0.029366 0.397838 0.126971
0.023148 0.372145 0.114400
0.027551 0.349715 0.123364
0.018248 0.484298 0.143882
0.025622 0.470025 0.174781
0.025409 0.449225 0.173898
0.020894 0.424348 0.155004
0.015365 0.397838 0.131872
0.012107 0.372145 0.118274
0.014406 0.349715 0.127983
0.000000 0.484298 0.145913
0.000000 0.470025 0.177633
0.000000 0.449225 0.176726
0.000000 0.424348 0.157332
0.000000 0.397838 0.133587
0.000000 0.372145 0.119630
0.000000 0.349715 0.129599
-0.018248 0.484298 0.143882
-0.025622 0.470025 0.174781
-0.025409 0.449225 0.173898
-0.020894 0.424348 0.155004
-0.015365 0.397838 0.131872
-0.012107 0.372145 0.118274
-0.014406 0.349715 0.127983
-0.034866 0.484298 0.138076
-0.048956 0.470025 0.166628
-0.048550 0.449225 0.165810
-0.039926 0.424348 0.148350
-0.029366 0.397838 0.126971
-0.023148 0.372145 0.114400
-0.027551 0.349715 0.123364
-0.049425 0.484298 0.128923
-0.069399 0.470025 0.153775
-0.068824 0.449225 0.153063
-0.056604 0.424348 0.137861
-0.041639 0.397838 0.119248
-0.032833 0.372145 0.108299
-0.039086 0.349715 0.116092
-0.061495 0.484298 0.116853
-0.086347 0.470025 0.136827
-0.085635 0.449225 0.136252
-0.070433 0.424348 0.124032
-0.051820 0.397838 0.109067
-0.040871 0.372145 0.100261
-0.048664 0.349715 0.106514
-0.070648 0.484298 0.102294
-0.099200 0.470025 0.116384
-0.098383 0.449225 0.115978
-0.080922 0.424348 0.107354
-0.059543 0.397838 0.096794
-0.046972 0.372145 0.090576
-0.055936 0.349715 0.094979
-0.076454 0.484298 0.085676
-0.107353 0.470025 0.093050
-0.106470 0.449225 0.092837
-0.087576 0.424348 0.088322
-0.064444 0.397838 0.082793
-0.050846 0.372145 0.079535
-0.060555 0.349715 0.081834
-0.078485 0.484298 0.067428
-0.110205 0.470025 0.067428
-0.109299 0.449225 0.067428
-0.089904 0.424348 0.067428
-0.066159 0.397838 0.067428
-0.052202 0.372145 0.067428
-0.062172 0.349715 0.067428
-0.076454 0.484298 0.049180
-0.107353 0.470025 0.041806
-0.106470 0.449225 0.042019
-0.087576 0.424348 0.046534
-0.064444 0.397838 0.052063
-0.050846 0.372145 0.055321
-0.060555 0.349715 0.053022
-0.070648 0.484298 0.032562
-0.099200 0.470025 0.018472
-0.098383 0.449225 0.018878
-0.080922 0.424348 0.027501
-0.059543 0.397838 0.038062
-0.046972 0.372145 0.044280
-0.055936 0.349715 0.039877
-0.061495 0.484298 0.018003
-0.086347 0.470025 -0.001971
-0.085635 0.449225 -0.001396
-0.070433 0.424348 0.010824
-0.051820 0.397838 0.025789
-0.040871 0.372145 0.034595
-0.048664 0.349715 0.028342
-0.049425 0.484298 0.005933
-0.069399 0.470025 -0.018919
-0.068824 0.449225 -0.018207
-0.056604 0.424348 -0.003005
-0.041639 0.397838 0.015608
-0.032833 0.372145 0.026557
-0.039086 0.349715 0.018764
-0.034866 0.484298 -0.003220
-0.048956 0.470025 -0.031772
-0.048550 0.449225 -0.030955
-0.039926 0.424348 -0.013494
-0.029366 0.397838 0.007885
-0.023148 0.372145 0.020455
-0.027551 0.349715 0.011492
-0.018248 0.484298 -0.009026
-0.025622 0.470025 -0.039925
-0.025409 0.449225 -0.039042
-0.020894 0.424348 -0.020148
-0.015365 0.397838 0.002984
-0.012107 0.372145 0.016581
-0.014406 0.349715 0.006873
0.000000 0.332314 -0.033261
0.023332 0.332314 -0.030642
0.000000 0.318991 -0.089723
0.036415 0.318991 -0.085636
0.000000 0.308116 -0.155429
0.051640 0.308116 -0.149633
0.000000 0.298056 -0.221678
0.066992 0.298056 -0.214160
0.000000 0.287181 -0.279772
0.080453 0.287181 -0.270742
0.000000 0.273858 -0.321008
0.090008 0.273858 -0.310906
0.000000 0.256457 -0.336687
0.093641 0.256457 -0.326177
0.044620 0.332314 -0.023163
0.069641 0.318991 -0.073962
0.098759 0.308116 -0.133078
0.128117 0.298056 -0.192684
0.153861 0.287181 -0.244950
0.172135 0.273858 -0.282051
0.179083 0.256457 -0.296157
0.063302 0.332314 -0.011385
0.098799 0.318991 -0.055580
0.140107 0.308116 -0.107011
0.181758 0.298056 -0.158867
0.218280 0.287181 -0.204339
0.244205 0.273858 -0.236616
0.254062 0.256457 -0.248889
0.078813 0.332314 0.004126
0.123008 0.318991 -0.031371
0.174439 0.308116 -0.072679
0.226295 0.298056 -0.114330
0.271767 0.287181 -0.150852
0.304044 0.273858 -0.176777
0.316317 0.256457 -0.186634
0.090591 0.332314 0.022808
0.141390 0.318991 -0.002213
0.200506 0.308116 -0.031331
0.260111 0.298056 -0.060689
0.312378 0.287181 -0.086433
0.349479 0.273858 -0.104707
0.363585 0.256457 -0.111655
0.098070 0.332314 0.044096
0.153064 0.318991 0.031013
0.217061 0.308116 0.015788
0.281588 0.298056 0.000436
0.338170 0.287181 -0.013025
0.378334 0.273858 -0.022580
0.393605 0.256457 -0.026214
0.100689 0.332314 0.067428
0.157151 0.318991 0.067428
0.222857 0.308116 0.067428
0.289106 0.298056 0.067428
0.347200 0.287181 0.067428
0.388436 0.273858 0.067428
0.404115 0.256457 0.067428
0.098070 0.332314 0.090760
0.153064 0.318991 0.103843
0.217061 0.308116 0.119068
0.281588 0.298056 0.134420
0.338170 0.287181 0.147881
0.378334 0.273858 0.157436
0.393605 0.256457 0.161069
0.090591 0.332314 0.112048
0.141390 0.318991 0.137069
0.200506 0.308116 0.166187
0.260111 0.298056 0.195545
0.312378 0.287181 0.221289
0.349479 0.273858 0.239563
0.363585 0.256457 0.246511
0.078813 0.332314 0.130730
0.123008 0.318991 0.166227
0.174439 0.308116 0.207535
0.226295 0.298056 0.249186
0.271767 0.287181 0.285708
0.304044 0.273858 0.311633
0.316317 0.256457 0.321490
0.063302 0.332314 0.146241
0.098799 0.318991 0.190436
0.140107 0.308116 0.241867
0.181758 0.298056 0.293723
0.218280 0.287181 0.339195
0.244205 0.273858 0.371472
0.254062 0.256457 0.383745
0.044620 0.332314 0.158019
0.069641 0.318991 0.208818
0.098759 0.308116 0.267934
0.128117 0.298056 0.327539
0.153861 0.287181 0.379806
0.172135 0.273858 0.416907
0.179083 0.256457 0.431013
0.023332 0.332314 0.165498
0.036415 0.318991 0.220492
0.051640 0.308116 0.284489
0.066992 0.298056 0.349016
0.080453 0.287181 0.405598
0.090008 0.273858 0.445762
0.093641 0.256457 0.461033
0.000000 0.332314 0.168117
0.000000 0.318991 0.224579
0.000000 0.308116 0.290285
0.000000 0.298056 0.356534
0.000000 0.287181 0.414628
0.000000 0.273858 0.455864
0.000000 0.256457 0.471543
-0.023332 0.332314 0.165498
-0.036415 0.318991 0.220492
-0.051640 0.308116 0.284489
-0.066992 0.298056 0.349016
-0.080453 0.287181 0.405598
-0.090008 0.273858 0.445762
-0.093641 0.256457 0.461033
-0.044620 0.332314 0.158019
-0.069641 0.318991 0.208818
-0.098759 0.308116 0.267934
-0.128117 0.298056 0.327539
-0.153861 0.287181 0.379806
-0.172135 0.273858 0.416907
-0.179083 0.256457 0.431013
-0.063302 0.332314 0.146241
-0.098799 0.318991 0.190436
-0.140107 0.308116 0.241867
-0.181758 0.298056 0.293723
-0.218280 0.287181 0.339195
-0.244205 0.273858 0.371472
-0.254062 0.256457 0.383745
-0.078813 0.332314 0.130730
-0.123008 0.318991 0.166227
-0.174439 0.308116 0.207535
-0.226295 0.298056 0.249186
-0.271767 0.287181 0.285708
-0.304044 0.273858 0.311633
-0.316317 0.256457 0.321490
-0.090591 0.332314 0.112048
-0.141390 0.318991 0.137069
-0.200506 0.308116 0.166187
-0.260111 0.298056 0.195545
-0.312378 0.287181 0.221289
-0.349479 0.273858 0.239563
-0.363585 0.256457 0.246511
-0.098070 0.332314 0.090760
-0.153064 0.318991 0.103843
-0.217061 0.308116 0.119068
-0.281588 0.298056 0.134420
-0.338170 0.287181 0.147881
-0.378334 0.273858 0.157436
-0.393605 0.256457 0.161069
-0.100689 0.332314 0.067428
-0.157151 0.318991 0.067428
-0.222857 0.308116 0.067428
-0.289106 0.298056 0.067428
-0.347200 0.287181 0.067428
-0.388436 0.273858 0.067428
-0.404115 0.256457 0.067428
-0.098070 0.332314 0.044096
-0.153064 0.318991 0.031013
-0.217061 0.308116 0.015788
-0.281588 0.298056 0.000436
-0.338170 0.287181 -0.013025
-0.378334 0.273858 -0.022580
-0.393605 0.256457 -0.026214
-0.090591 0.332314 0.022808
-0.141390 0.318991 -0.002213
-0.200506 0.308116 -0.031331
-0.260111 0.298056 -0.060689
-0.312378 0.287181 -0.086433
-0.349479 0.273858 -0.104707
-0.363585 0.256457 -0.111655
-0.078813 0.332314 0.004126
-0.123008 0.318991 -0.031371
-0.174439 0.308116 -0.072679
-0.226295 0.298056 -0.114330
-0.271767 0.287181 -0.150852
-0.304044 0.273858 -0.176777
-0.316317 0.256457 -0.186634
-0.063302 0.332314 -0.011385
-0.098799 0.318991 -0.055580
-0.140107 0.308116 -0.107011
-0.181758 0.298056 -0.158867
-0.218280 0.287181 -0.204339
-0.244205 0.273858 -0.236616
-0.254062 0.256457 -0.248889
-0.044620 0.332314 -0.023163
-0.069641 0.318991 -0.073962
-0.098759 0.308116 -0.133078
-0.128117 0.298056 -0.192684
-0.153861 0.287181 -0.244950
-0.172135 0.273858 -0.282051
-0.179083 0.256457 -0.296157
-0.023332 0.332314 -0.030642
-0.036415 0.318991 -0.085636
-0.051640 0.308116 -0.149633
-0.066992 0.298056 -0.214160
-0.080453 0.287181 -0.270742
-0.090008 0.273858 -0.310906
-0.093641 0.256457 -0.326177
0.000000 -0.488241 -0.097879
0.000000 -0.489600 0.067428
-0.038305 -0.488241 -0.093580
0.000000 -0.484434 -0.218733
-0.066309 -0.484434 -0.211291
0.000000 -0.478589 -0.302066
-0.085619 -0.478589 -0.292457
0.000000 -0.471112 -0.354812
-0.097842 -0.471112 -0.343832
0.000000 -0.462412 -0.383904
-0.104583 -0.462412 -0.372167
0.000000 -0.452896 -0.396275
-0.107449 -0.452896 -0.384216
-0.073256 -0.488241 -0.081300
-0.126812 -0.484434 -0.190033
-0.163741 -0.478589 -0.265009
-0.187115 -0.471112 -0.312465
-0.200007 -0.462412 -0.338639
-0.205489 -0.452896 -0.349770
-0.103927 -0.488241 -0.061965
-0.179906 -0.484434 -0.156562
-0.232297 -0.478589 -0.221790
-0.265457 -0.471112 -0.263077
-0.283747 -0.462412 -0.285848
-0.291525 -0.452896 -0.295531
-0.129393 -0.488241 -0.036499
-0.223990 -0.484434 -0.112478
-0.289218 -0.478589 -0.164869
-0.330505 -0.471112 -0.198030
-0.353276 -0.462412 -0.216319
-0.362959 -0.452896 -0.224097
-0.148728 -0.488241 -0.005828
-0.257461 -0.484434 -0.059384
-0.332437 -0.478589 -0.096313
-0.379893 -0.471112 -0.119687
-0.406067 -0.462412 -0.132579
-0.417198 -0.452896 -0.138061
-0.161008 -0.488241 0.029123
-0.278719 -0.484434 0.001119
-0.359885 -0.478589 -0.018191
-0.411260 -0.471112 -0.030414
-0.439595 -0.462412 -0.037155
-0.451644 -0.452896 -0.040021
-0.165307 -0.488241 0.067428
-0.286161 -0.484434 0.067428
-0.369494 -0.478589 0.067428
-0.422240 -0.471112 0.067428
-0.451332 -0.462412 0.067428
-0.463703 -0.452896 0.067428
-0.161008 -0.488241 0.105733
-0.278719 -0.484434 0.133737
-0.359885 -0.478589 0.153047
-0.411260 -0.471112 0.165270
-0.439595 -0.462412 0.172011
-0.451644 -0.452896 0.174877
-0.148728 -0.488241 0.140684
-0.257461 -0.484434 0.194240
-0.332437 -0.478589 0.231169
-0.379893 -0.471112 0.254543
-0.406067 -0.462412 0.267435
-0.417198 -0.452896 0.272917
-0.129393 -0.488241 0.171355
-0.223990 -0.484434 0.247334
-0.289218 -0.478589 0.299725
-0.330505 -0.471112 0.332885
-0.353276 -0.462412 0.351175
-0.362959 -0.452896 0.358953
-0.103927 -0.488241 0.196821
-0.179906 -0.484434 0.291418
-0.232297 -0.478589 0.356646
-0.265457 -0.471112 0.397933
-0.283747 -0.462412 0.420704
-0.291525 -0.452896 0.430387
-0.073256 -0.488241 0.216156
-0.126812 -0.484434 0.324889
-0.163741 -0.478589 0.399865
-0.187115 -0.471112 0.447321
-0.200007 -0.462412 0.473495
-0.205489 -0.452896 0.484626
-0.038305 -0.488241 0.228436
-0.066309 -0.484434 0.346147
-0.085619 -0.478589 0.427313
-0.097842 -0.471112 0.478688
-0.104583 -0.462412 0.507023
-0.107449 -0.452896 0.519072
0.000000 -0.488241 0.232735
0.000000 -0.484434 0.353589
0.000000 -0.478589 0.436922
0.000000 -0.471112 0.489668
0.000000 -0.462412 0.518760
0.000000 -0.452896 0.531131
0.038305 -0.488241 0.228436
0.066309 -0.484434 0.346147
0.085619 -0.478589 0.427313
0.097842 -0.471112 0.478688
0.104583 -0.462412 0.507023
0.107449 -0.452896 0.519072
0.073256 -0.488241 0.216156
0.126812 -0.484434 0.324889
0.163741 -0.478589 0.399865
0.187115 -0.471112 0.447321
0.200007 -0.462412 0.473495
0.205489 -0.452896 0.484626
0.103927 -0.488241 0.196821
0.179906 -0.484434 0.291418
0.232297 -0.478589 0.356646
0.265457 -0.471112 0.397933
0.283747 -0.462412 0.420704
0.291525 -0.452896 0.430387
0.129393 -0.488241 0.171355
0.223990 -0.484434 0.247334
0.289218 -0.478589 0.299725
0.330505 -0.471112 0.332885
0.353276 -0.462412 0.351175
0.362959 -0.452896 0.358953
0.148728 -0.488241 0.140684
0.257461 -0.484434 0.194240
0.332437 -0.478589 0.231169
0.379893 -0.471112 0.254543
0.406067 -0.462412 0.267435
0.417198 -0.452896 0.272917
0.161008 -0.488241 0.105733
0.278719 -0.484434 0.133737
0.359885 -0.478589 0.153047
0.411260 -0.471112 0.165270
0.439595 -0.462412 0.172011
0.451644 -0.452896 0.174877
0.165307 -0.488241 0.067428
0.286161 -0.484434 0.067428
0.369494 -0.478589 0.067428
0.422240 -0.471112 0.067428
0.451332 -0.462412 0.067428
0.463703 -0.452896 0.067428
0.161008 -0.488241 0.029123
0.278719 -0.484434 0.001119
0.359885 -0.478589 -0.018191
0.411260 -0.471112 -0.030414
0.439595 -0.462412 -0.037155
0.451644 -0.452896 -0.040021
0.148728 -0.488241 -0.005828
0.257461 -0.484434 -0.059384
0.332437 -0.478589 -0.096313
0.379893 -0.471112 -0.119687
0.406067 -0.462412 -0.132579
0.417198 -0.452896 -0.138061
0.129393 -0.488241 -0.036499
0.223990 -0.484434 -0.112478
0.289218 -0.478589 -0.164869
0.330505 -0.471112 -0.198030
0.353276 -0.462412 -0.216319
0.362959 -0.452896 -0.224097
0.103927 -0.488241 -0.061965
0.179906 -0.484434 -0.156562
0.232297 -0.478589 -0.221790
0.265457 -0.471112 -0.263077
0.283747 -0.462412 -0.285848
0.291525 -0.452896 -0.295531
0.073256 -0.488241 -0.081300
0.126812 -0.484434 -0.190033
0.163741 -0.478589 -0.265009
0.187115 -0.471112 -0.312465
0.200007 -0.462412 -0.338639
0.205489 -0.452896 -0.349770
0.038305 -0.488241 -0.093580
0.066309 -0.484434 -0.211291
0.085619 -0.478589 -0.292457
0.097842 -0.471112 -0.343832
0.104583 -0.462412 -0.372167
0.107449 -0.452896 -0.384216
3 0 1 2 
3 0 3 1 
3 4 3 0 
3 4 5 3 
3 6 5 4 
3 6 7 5 
3 8 7 6 
3 8 9 7 
3 10 9 8 
3 10 11 9 
3 12 11 10 
3 12 13 11 
3 14 13 12 
3 14 15 13 
3 3 16 1 
3 3 17 16 
3 5 17 3 
3 5 18 17 
3 7 18 5 
3 7 19 18 
3 9 19 7 
3 9 20 19 
3 11 20 9 
3 11 21 20 
3 13 21 11 
3 13 22 21 
3 15 22 13 
3 15 23 22 
3 17 24 16 
3 17 25 24 
3 18 25 17 
3 18 26 25 
3 19 26 18 
3 19 27 26 
3 20 27 19 
3 20 28 27 
3 21 28 20 
3 21 29 28 
3 22 29 21 
3 22 30 29 
3 23 30 22 
3 23 31 30 
3 25 32 24 
3 25 33 32 
3 26 33 25 
3 26 34 33 
3 27 34 26 
3 27 35 34 
3 28 35 27 
3 28 36 35 
3 29 36 28 
3 29 37 36 
3 30 37 29 
3 30 38 37 
3 31 38 30 
3 31 39 38 
3 33 40 32 
3 33 41 40 
3 34 41 33 
3 34 42 41 
3 35 42 34 
3 35 43 42 
3 36 43 35 
3 36 44 43 
3 37 44 36 
3 37 45 44 
3 38 45 37 
3 38 46 45 
3 39 46 38 
3 39 47 46 
3 41 48 40 
3 41 49 48 
3 42 49 41 
3 42 50 49 
3 43 50 42 
3 43 51 50 
3 44 51 43 
3 44 52 51 
3 45 52 44 
3 45 53 52 
3 46 53 45 
3 46 54 53 
3 47 54 46 
3 47 55 54 
3 49 56 48 
3 49 57 56 
3 50 57 49 
3 50 58 57 
3 51 58 50 
3 51 59 58 
3 52 59 51 
3 52 60 59 
3 53 60 52 
3 53 61 60 
3 54 61 53 
3 54 62 61 
3 55 62 54 
3 55 63 62 
3 57 64 56 
3 57 65 64 
3 58 65 57 
3 58 66 65 
3 59 66 58 
3 59 67 66 
3 60 67 59 
3 60 68 67 
3 61 68 60 
3 61 69 68 
3 62 69 61 
3 62 70 69 
3 63 70 62 
3 63 71 70 
3 65 72 64 
3 65 73 72 
3 66 73 65 
3 66 74 73 
3 67 74 66 
3 67 75 74 
3 68 75 67 
3 68 76 75 
3 69 76 68 
3 69 77 76 
3 70 77 69 
3 70 78 77 
3 71 78 70 
3 71 79 78 
3 73 80 72 
3 73 81 80 
3 74 81 73 
3 74 82 81 
3 75 82 74 
3 75 83 82 
3 76 83 75 
3 76 84 83 
3 77 84 76 
3 77 85 84 
3 78 85 77 
3 78 86 85 
3 79 86 78 
3 79 87 86 
3 81 88 80 
3 81 89 88 
3 82 89 81 
3 82 90 89 
3 83 90 82 
3 83 91 90 
3 84 91 83 
3 84 92 91 
3 85 92 84 
3 85 93 92 
3 86 93 85 
3 86 94 93 
3 87 94 86 
3 87 95 94 
3 89 96 88 
3 89 97 96 
3 90 97 89 
3 90 98 97 
3 91 98 90 
3 91 99 98 
3 92 99 91 
3 92 100 99 
3 93 100 92 
3 93 101 100 
3 94 101 93 
3 94 102 101 
3 95 102 94 
3 95 103 102 
3 97 104 96 
3 97 105 104 
3 98 105 97 
3 98 106 105 
3 99 106 98 
3 99 107 106 
3 100 107 99 
3 100 108 107 
3 101 108 100 
3 101 109 108 
3 102 109 101 
3 102 110 109 
3 103 110 102 
3 103 111 110 
3 105 112 104 
3 105 113 112 
3 106 113 105 
3 106 114 113 
3 107 114 106 
3 107 115 114 
3 108 115 107 
3 108 116 115 
3 109 116 108 
3 109 117 116 
3 110 117 109 
3 110 118 117 
3 111 118 110 
3 111 119 118 
3 113 120 112 
3 113 121 120 
3 114 121 113 
3 114 122 121 
3 115 122 114 
3 115 123 122 
3 116 123 115 
3 116 124 123 
3 117 124 116 
3 117 125 124 
3 118 125 117 
3 118 126 125 
3 119 126 118 
3 119 127 126 
3 121 128 120 
3 121 129 128 
3 122 129 121 
3 122 130 129 
3 123 130 122 
3 123 131 130 
3 124 131 123 
3 124 132 131 
3 125 132 124 
3 125 133 132 
3 126 133 125 
3 126 134 133 
3 127 134 126 
3 127 135 134 
3 129 136 128 
3 129 137 136 
3 130 137 129 
3 130 138 137 
3 131 138 130 
3 131 139 138 
3 132 139 131 
3 132 140 139 
3 133 140 132 
3 133 141 140 
3 134 141 133 
3 134 142 141 
3 135 142 134 
3 135 143 142 
3 137 144 136 
3 137 145 144 
3 138 145 137 
3 138 146 145 
3 139 146 138 
3 139 147 146 
3 140 147 139 
3 140 148 147 
3 141 148 140 
3 141 149 148 
3 142 149 141 
3 142 150 149 
3 143 150 142 
3 143 151 150 
3 145 152 144 
3 145 153 152 
3 146 153 145 
3 146 154 153 
3 147 154 146 
3 147 155 154 
3 148 155 147 
3 148 156 155 
3 149 156 148 
3 149 157 156 
3 150 157 149 
3 150 158 157 
3 151 158 150 
3 151 159 158 
3 153 160 152 
3 153 161 160 
3 154 161 153 
3 154 162 161 
3 155 162 154 
3 155 163 162 
3 156 163 155 
3 156 164 163 
3 157 164 156 
3 157 165 164 
3 158 165 157 
3 158 166 165 
3 159 166 158 
3 159 167 166 
3 161 168 160 
3 161 169 168 
3 162 169 161 
3 162 170 169 
3 163 170 162 
3 163 171 170 
3 164 171 163 
3 164 172 171 
3 165 172 164 
3 165 173 172 
3 166 173 165 
3 166 174 173 
3 167 174 166 
3 167 175 174 
3 169 176 168 
3 169 177 176 
3 170 177 169 
3 170 178 177 
3 171 178 170 
3 171 179 178 
3 172 179 171 
3 172 180 179 
3 173 180 172 
3 173 181 180 
3 174 181 173 
3 174 182 181 
3 175 182 174 
3 175 183 182 
3 177 184 176 
3 177 185 184 
3 178 185 177 
3 178 186 185 
3 179 186 178 
3 179 187 186 
3 180 187 179 
3 180 188 187 
3 181 188 180 
3 181 189 188 
3 182 189 181 
3 182 190 189 
3 183 190 182 
3 183 191 190 
3 185 192 184 
3 185 193 192 
3 186 193 185 
3 186 194 193 
3 187 194 186 
3 187 195 194 
3 188 195 187 
3 188 196 195 
3 189 196 188 
3 189 197 196 
3 190 197 189 
3 190 198 197 
3 191 198 190 
3 191 199 198 
3 193 200 192 
3 193 201 200 
3 194 201 193 
3 194 202 201 
3 195 202 194 
3 195 203 202 
3 196 203 195 
3 196 204 203 
3 197 204 196 
3 197 205 204 
3 198 205 197 
3 198 206 205 
3 199 206 198 
3 199 207 206 
3 201 208 200 
3 201 209 208 
3 202 209 201 
3 202 210 209 
3 203 210 202 
3 203 211 210 
3 204 211 203 
3 204 212 211 
3 205 212 204 
3 205 213 212 
3 206 213 205 
3 206 214 213 
3 207 214 206 
3 207 215 214 
3 209 216 208 
3 209 217 216 
3 210 217 209 
3 210 218 217 
3 211 218 210 
3 211 219 218 
3 212 219 211 
3 212 220 219 
3 213 220 212 
3 213 221 220 
3 214 221 213 
3 214 222 221 
3 215 222 214 
3 215 223 222 
3 217 2 216 
3 217 0 2 
3 218 0 217 
3 218 4 0 
3 219 4 218 
3 219 6 4 
3 220 6 219 
3 220 8 6 
3 221 8 220 
3 221 10 8 
3 222 10 221 
3 222 12 10 
3 223 12 222 
3 223 14 12 
3 224 15 14 
3 224 225 15 
3 226 225 224 
3 226 227 225 
3 228 227 226 
3 228 229 227 
3 230 229 228 
3 230 231 229 
3 232 231 230 
3 232 233 231 
3 234 233 232 
3 234 235 233 
3 236 235 234 
3 236 237 235 
3 225 23 15 
3 225 238 23 
3 227 238 225 
3 227 239 238 
3 229 239 227 
3 229 240 239 
3 231 240 229 
3 231 241 240 
3 233 241 231 
3 233 242 241 
3 235 242 233 
3 235 243 242 
3 237 243 235 
3 237 244 243 
3 238 31 23 
3 238 245 31 
3 239 245 238 
3 239 246 245 
3 240 246 239 
3 240 247 246 
3 241 247 240 
3 241 248 247 
3 242 248 241 
3 242 249 248 
3 243 249 242 
3 243 250 249 
3 244 250 243 
3 244 251 250 
3 245 39 31 
3 245 252 39 
3 246 252 245 
3 246 253 252 
3 247 253 246 
3 247 254 253 
3 248 254 247 
3 248 255 254 
3 249 255 248 
3 249 256 255 
3 250 256 249 
3 250 257 256 
3 251 257 250 
3 251 258 257 
3 252 47 39 
3 252 259 47 
3 253 259 252 
3 253 260 259 
3 254 260 253 
3 254 261 260 
3 255 261 254 
3 255 262 261 
3 256 262 255 
3 256 263 262 
3 257 263 256 
3 257 264 263 
3 258 264 257 
3 258 265 264 
3 259 55 47 
3 259 266 55 
3 260 266 259 
3 260 267 266 
3 261 267 260 
3 261 268 267 
3 262 268 261 
3 262 269 268 
3 263 269 262 
3 263 270 269 
3 264 270 263 
3 264 271 270 
3 265 271 264 
3 265 272 271 
3 266 63 55 
3 266 273 63 
3 267 273 266 
3 267 274 273 
3 268 274 267 
3 268 275 274 
3 269 275 268 
3 269 276 275 
3 270 276 269 
3 270 277 276 
3 271 277 270 
3 271 278 277 
3 272 278 271 
3 272 279 278 
3 273 71 63 
3 273 280 71 
3 274 280 273 
3 274 281 280 
3 275 281 274 
3 275 282 281 
3 276 282 275 
3 276 283 282 
3 277 283 276 
3 277 284 283 
3 278 284 277 
3 278 285 284 
3 279 285 278 
3 279 286 285 
3 280 79 71 
3 280 287 79 
3 281 287 280 
3 281 288 287 
3 282 288 281 
3 282 289 288 
3 283 289 282 
3 283 290 289 
3 284 290 283 
3 284 291 290 
3 285 291 284 
3 285 292 291 
3 286 292 285 
3 286 293 292 
3 287 87 79 
3 287 294 87 
3 288 294 287 
3 288 295 294 
3 289 295 288 
3 289 296 295 
3 290 296 289 
3 290 297 296 
3 291 297 290 
3 291 298 297 
3 292 298 291 
3 292 299 298 
3 293 299 292 
3 293 300 299 
3 294 95 87 
3 294 301 95 
3 295 301 294 
3 295 302 301 
3 296 302 295 
3 296 303 302 
3 297 303 296 
3 297 304 303 
3 298 304 297 
3 298 305 304 
3 299 305 298 
3 299 306 305 
3 300 306 299 
3 300 307 306 
3 301 103 95 
3 301 308 103 
3 302 308 301 
3 302 309 308 
3 303 309 302 
3 303 310 309 
3 304 310 303 
3 304 311 310 
3 305 311 304 
3 305 312 311 
3 306 312 305 
3 306 313 312 
3 307 313 306 
3 307 314 313 
3 308 111 103 
3 308 315 111 
3 309 315 308 
3 309 316 315 
3 310 316 309 
3 310 317 316 
3 311 317 310 
3 311 318 317 
3 312 318 311 
3 312 319 318 
3 313 319 312 
3 313 320 319 
3 314 320 313 
3 314 321 320 
3 315 119 111 
3 315 322 119 
3 316 322 315 
3 316 323 322 
3 317 323 316 
3 317 324 323 
3 318 324 317 
3 318 325 324 
3 319 325 318 
3 319 326 325 
3 320 326 319 
3 320 327 326 
3 321 327 320 
3 321 328 327 
3 322 127 119 
3 322 329 127 
3 323 329 322 
3 323 330 329 
3 324 330 323 
3 324 331 330 
3 325 331 324 
3 325 332 331 
3 326 332 325 
3 326 333 332 
3 327 333 326 
3 327 334 333 
3 328 334 327 
3 328 335 334 
3 329 135 127 
3 329 336 135 
3 330 336 329 
3 330 337 336 
3 331 337 330 
3 331 338 337 
3 332 338 331 
3 332 339 338 
3 333 339 332 
3 333 340 339 
3 334 340 333 
3 334 341 340 
3 335 341 334 
3 335 342 341 
3 336 143 135 
3 336 343 143 
3 337 343 336 
3 337 344 343 
3 338 344 337 
3 338 345 344 
3 339 345 338 
3 339 346 345 
3 340 346 339 
3 340 347 346 
3 341 347 340 
3 341 348 347 
3 342 348 341 
3 342 349 348 
3 343 151 143 
3 343 350 151 
3 344 350 343 
3 344 351 350 
3 345 351 344 
3 345 352 351 
3 346 352 345 
3 346 353 352 
3 347 353 346 
3 347 354 353 
3 348 354 347 
3 348 355 354 
3 349 355 348 
3 349 356 355 
3 350 159 151 
3 350 357 159 
3 351 357 350 
3 351 358 357 
3 352 358 351 
3 352 359 358 
3 353 359 352 
3 353 360 359 
3 354 360 353 
3 354 361 360 
3 355 361 354 
3 355 362 361 
3 356 362 355 
3 356 363 362 
3 357 167 159 
3 357 364 167 
3 358 364 357 
3 358 365 364 
3 359 365 358 
3 359 366 365 
3 360 366 359 
3 360 367 366 
3 361 367 360 
3 361 368 367 
3 362 368 361 
3 362 369 368 
3 363 369 362 
3 363 370 369 
3 364 175 167 
3 364 371 175 
3 365 371 364 
3 365 372 371 
3 366 372 365 
3 366 373 372 
3 367 373 366 
3 367 374 373 
3 368 374 367 
3 368 375 374 
3 369 375 368 
3 369 376 375 
3 370 376 369 
3 370 377 376 
3 371 183 175 
3 371 378 183 
3 372 378 371 
3 372 379 378 
3 373 379 372 
3 373 380 379 
3 374 380 373 
3 374 381 380 
3 375 381 374 
3 375 382 381 
3 376 382 375 
3 376 383 382 
3 377 383 376 
3 377 384 383 
3 378 191 183 
3 378 385 191 
3 379 385 378 
3 379 386 385 
3 380 386 379 
3 380 387 386 
3 381 387 380 
3 381 388 387 
3 382 388 381 
3 382 389 388 
3 383 389 382 
3 383 390 389 
3 384 390 383 
3 384 391 390 
3 385 199 191 
3 385 392 199 
3 386 392 385 
3 386 393 392 
3 387 393 386 
3 387 394 393 
3 388 394 387 
3 388 395 394 
3 389 395 388 
3 389 396 395 
3 390 396 389 
3 390 397 396 
3 391 397 390 
3 391 398 397 
3 392 207 199 
3 392 399 207 
3 393 399 392 
3 393 400 399 
3 394 400 393 
3 394 401 400 
3 395 401 394 
3 395 402 401 
3 396 402 395 
3 396 403 402 
3 397 403 396 
3 397 404 403 
3 398 404 397 
3 398 405 404 
3 399 215 207 
3 399 406 215 
3 400 406 399 
3 400 407 406 
3 401 407 400 
3 401 408 407 
3 402 408 401 
3 402 409 408 
3 403 409 402 
3 403 410 409 
3 404 410 403 
3 404 411 410 
3 405 411 404 
3 405 412 411 
3 406 223 215 
3 406 413 223 
3 407 413 406 
3 407 414 413 
3 408 414 407 
3 408 415 414 
3 409 415 408 
3 409 416 415 
3 410 416 409 
3 410 417 416 
3 411 417 410 
3 411 418 417 
3 412 418 411 
3 412 419 418 
3 413 14 223 
3 413 224 14 
3 414 224 413 
3 414 226 224 
3 415 226 414 
3 415 228 226 
3 416 228 415 
3 416 230 228 
3 417 230 416 
3 417 232 230 
3 418 232 417 
3 418 234 232 
3 419 234 418 
3 419 236 234 
3 420 237 236 
3 420 421 237 
3 422 421 420 
3 422 423 421 
3 424 423 422 
3 424 425 423 
3 426 425 424 
3 426 427 425 
3 428 427 426 
3 428 429 427 
3 430 429 428 
3 430 431 429 
3 432 431 430 
3 432 433 431 
3 421 244 237 
3 421 434 244 
3 423 434 421 
3 423 435 434 
3 425 435 423 
3 425 436 435 
3 427 436 425 
3 427 437 436 
3 429 437 427 
3 429 438 437 
3 431 438 429 
3 431 439 438 
3 433 439 431 
3 433 440 439 
3 434 251 244 
3 434 441 251 
3 435 441 434 
3 435 442 441 
3 436 442 435 
3 436 443 442 
3 437 443 436 
3 437 444 443 
3 438 444 437 
3 438 445 444 
3 439 445 438 
3 439 446 445 
3 440 446 439 
3 440 447 446 
3 441 258 251 
3 441 448 258 
3 442 448 441 
3 442 449 448 
3 443 449 442 
3 443 450 449 
3 444 450 443 
3 444 451 450 
3 445 451 444 
3 445 452 451 
3 446 452 445 
3 446 453 452 
3 447 453 446 
3 447 454 453 
3 448 265 258 
3 448 455 265 
3 449 455 448 
3 449 456 455 
3 450 456 449 
3 450 457 456 
3 451 457 450 
3 451 458 457 
3 452 458 451 
3 452 459 458 
3 453 459 452 
3 453 460 459 
3 454 460 453 
3 454 461 460 
3 455 272 265 
3 455 462 272 
3 456 462 455 
3 456 463 462 
3 457 463 456 
3 457 464 463 
3 458 464 457 
3 458 465 464 
3 459 465 458 
3 459 466 465 
3 460 466 459 
3 460 467 466 
3 461 467 460 
3 461 468 467 
3 462 279 272 
3 462 469 279 
3 463 469 462 
3 463 470 469 
3 464 470 463 
3 464 471 470 
3 465 471 464 
3 465 472 471 
3 466 472 465 
3 466 473 472 
3 467 473 466 
3 467 474 473 
3 468 474 467 
3 468 475 474 
3 469 286 279 
3 469 476 286 
3 470 476 469 
3 470 477 476 
3 471 477 470 
3 471 478 477 
3 472 478 471 
3 472 479 478 
3 473 479 472 
3 473 480 479 
3 474 480 473 
3 474 481 480 
3 475 481 474 
3 475 482 481 
3 476 293 286 
3 476 483 293 
3 477 483 476 
3 477 484 483 
3 478 484 477 
3 478 485 484 
3 479 485 478 
3 479 486 485 
3 480 486 479 
3 480 487 486 
3 481 487 480 
3 481 488 487 
3 482 488 481 
3 482 489 488 
3 483 300 293 
3 483 490 300 
3 484 490 483 
3 484 491 490 
3 485 491 484 
3 485 492 491 
3 486 492 485 
3 486 493 492 
3 487 493 486 
3 487 494 493 
3 488 494 487 
3 488 495 494 
3 489 495 488 
3 489 496 495 
3 490 307 300 
3 490 497 307 
3 491 497 490 
3 491 498 497 
3 492 498 491 
3 492 499 498 
3 493 499 492 
3 493 500 499 
3 494 500 493 
3 494 501 500 
3 495 501 494 
3 495 502 501 
3 496 502 495 
3 496 503 502 
3 497 314 307 
3 497 504 314 
3 498 504 497 
3 498 505 504 
3 499 505 498 
3 499 506 505 
3 500 506 499 
3 500 507 506 
3 501 507 500 
3 501 508 507 
3 502 508 501 
3 502 509 508 
3 503 509 502 
3 503 510 509 
3 504 321 314 
3 504 511 321 
3 505 511 504 
3 505 512 511 
3 506 512 505 
3 506 513 512 
3 507 513 506 
3 507 514 513 
3 508 514 507 
3 508 515 514 
3 509 515 508 
3 509 516 515 
3 510 516 509 
3 510 517 516 
3 511 328 321 
3 511 518 328 
3 512 518 511 
3 512 519 518 
3 513 519 512 
3 513 520 519 
3 514 520 513 
3 514 521 520 
3 515 521 514 
3 515 522 521 
3 516 522 515 
3 516 523 522 
3 517 523 516 
3 517 524 523 
3 518 335 328 
3 518 525 335 
3 519 525 518 
3 519 526 525 
3 520 526 519 
3 520 527 526 
3 521 527 520 
3 521 528 527 
3 522 528 521 
3 522 529 528 
3 523 529 522 
3 523 530 529 
3 524 530 523 
3 524 531 530 
3 525 342 335 
3 525 532 342 
3 526 532 525 
3 526 533 532 
3 527 533 526 
3 527 534 533 
3 528 534 527 
3 528 535 534 
3 529 535 528 
3 529 536 535 
3 530 536 529 
3 530 537 536 
3 531 537 530 
3 531 538 537 
3 532 349 342 
3 532 539 349 
3 533 539 532 
3 533 540 539 
3 534 540 533 
3 534 541 540 
3 535 541 534 
3 535 542 541 
3 536 542 535 
3 536 543 542 
3 537 543 536 
3 537 544 543 
3 538 544 537 
3 538 545 544 
3 539 356 349 
3 539 546 356 
3 540 546 539 
3 540 547 546 
3 541 547 540 
3 541 548 547 
3 542 548 541 
3 542 549 548 
3 543 549 542 
3 543 550 549 
3 544 550 543 
3 544 551 550 
3 545 551 544 
3 545 552 551 
3 546 363 356 
3 546 553 363 
3 547 553 546 
3 547 554 553 
3 548 554 547 
3 548 555 554 
3 549 555 548 
3 549 556 555 
3 550 556 549 
3 550 557 556 
3 551 557 550 
3 551 558 557 
3 552 558 551 
3 552 559 558 
3 553 370 363 
3 553 560 370 
3 554 560 553 
3 554 561 560 
3 555 561 554 
3 555 562 561 
3 556 562 555 
3 556 563 562 
3 557 563 556 
3 557 564 563 
3 558 564 557 
3 558 565 564 
3 559 565 558 
3 559 566 565 
3 560 377 370 
3 560 567 377 
3 561 567 560 
3 561 568 567 
3 562 568 561 
3 562 569 568 
3 563 569 562 
3 563 570 569 
3 564 570 563 
3 564 571 570 
3 565 571 564 
3 565 572 571 
3 566 572 565 
3 566 573 572 
3 567 384 377 
3 567 574 384 
3 568 574 567 
3 568 575 574 
3 569 575 568 
3 569 576 575 
3 570 576 569 
3 570 577 576 
3 571 577 570 
3 571 578 577 
3 572 578 571 
3 572 579 578 
3 573 579 572 
3 573 580 579 
3 574 391 384 
3 574 581 391 
3 575 581 574 
3 575 582 581 
3 576 582 575 
3 576 583 582 
3 577 583 576 
3 577 584 583 
3 578 584 577 
3 578 585 584 
3 579 585 578 
3 579 586 585 
3 580 586 579 
3 580 587 586 
3 581 398 391 
3 581 588 398 
3 582 588 581 
3 582 589 588 
3 583 589 582 
3 583 590 589 
3 584 590 583 
3 584 591 590 
3 585 591 584 
3 585 592 591 
3 586 592 585 
3 586 593 592 
3 587 593 586 
3 587 594 593 
3 588 405 398 
3 588 595 405 
3 589 595 588 
3 589 596 595 
3 590 596 589 
3 590 597 596 
3 591 597 590 
3 591 598 597 
3 592 598 591 
3 592 599 598 
3 593 599 592 
3 593 600 599 
3 594 600 593 
3 594 601 600 
3 595 412 405 
3 595 602 412 
3 596 602 595 
3 596 603 602 
3 597 603 596 
3 597 604 603 
3 598 604 597 
3 598 605 604 
3 599 605 598 
3 599 606 605 
3 600 606 599 
3 600 607 606 
3 601 607 600 
3 601 608 607 
3 602 419 412 
3 602 609 419 
3 603 609 602 
3 603 610 609 
3 604 610 603 
3 604 611 610 
3 605 611 604 
3 605 612 611 
3 606 612 605 
3 606 613 612 
3 607 613 606 
3 607 614 613 
3 608 614 607 
3 608 615 614 
3 609 236 419 
3 609 420 236 
3 610 420 609 
3 610 422 420 
3 611 422 610 
3 611 424 422 
3 612 424 611 
3 612 426 424 
3 613 426 612 
3 613 428 426 
3 614 428 613 
3 614 430 428 
3 615 430 614 
3 615 432 430 
3 616 617 618 
3 616 619 617 
3 620 619 616 
3 620 621 619 
3 622 621 620 
3 622 623 621 
3 624 623 622 
3 624 625 623 
3 626 625 624 
3 626 627 625 
3 628 627 626 
3 628 629 627 
3 630 629 628 
3 630 631 629 
3 619 632 617 
3 619 633 632 
3 621 633 619 
3 621 634 633 
3 623 634 621 
3 623 635 634 
3 625 635 623 
3 625 636 635 
3 627 636 625 
3 627 637 636 
3 629 637 627 
3 629 638 637 
3 631 638 629 
3 631 639 638 
3 633 640 632 
3 633 641 640 
3 634 641 633 
3 634 642 641 
3 635 642 634 
3 635 643 642 
3 636 643 635 
3 636 644 643 
3 637 644 636 
3 637 645 644 
3 638 645 637 
3 638 646 645 
3 639 646 638 
3 639 647 646 
3 641 648 640 
3 641 649 648 
3 642 649 641 
3 642 650 649 
3 643 650 642 
3 643 651 650 
3 644 651 643 
3 644 652 651 
3 645 652 644 
3 645 653 652 
3 646 653 645 
3 646 654 653 
3 647 654 646 
3 647 655 654 
3 649 656 648 
3 649 657 656 
3 650 657 649 
3 650 658 657 
3 651 658 650 
3 651 659 658 
3 652 659 651 
3 652 660 659 
3 653 660 652 
3 653 661 660 
3 654 661 653 
3 654 662 661 
3 655 662 654 
3 655 663 662 
3 657 664 656 
3 657 665 664 
3 658 665 657 
3 658 666 665 
3 659 666 658 
3 659 667 666 
3 660 667 659 
3 660 668 667 
3 661 668 660 
3 661 669 668 
3 662 669 661 
3 662 670 669 
3 663 670 662 
3 663 671 670 
3 665 672 664 
3 665 673 672 
3 666 673 665 
3 666 674 673 
3 667 674 666 
3 667 675 674 
3 668 675 667 
3 668 676 675 
3 669 676 668 
3 669 677 676 
3 670 677 669 
3 670 678 677 
3 671 678 670 
3 671 679 678 
3 673 680 672 
3 673 681 680 
3 674 681 673 
3 674 682 681 
3 675 682 674 
3 675 683 682 
3 676 683 675 
3 676 684 683 
3 677 684 676 
3 677 685 684 
3 678 685 677 
3 678 686 685 
3 679 686 678 
3 679 687 686 
3 681 688 680 
3 681 689 688 
3 682 689 681 
3 682 690 689 
3 683 690 682 
3 683 691 690 
3 684 691 683 
3 684 692 691 
3 685 692 684 
3 685 693 692 
3 686 693 685 
3 686 694 693 
3 687 694 686 
3 687 695 694 
3 689 696 688 
3 689 697 696 
3 690 697 689 
3 690 698 697 
3 691 698 690 
3 691 699 698 
3 692 699 691 
3 692 700 699 
3 693 700 692 
3 693 701 700 
3 694 701 693 
3 694 702 701 
3 695 702 694 
3 695 703 702 
3 697 704 696 
3 697 705 704 
3 698 705 697 
3 698 706 705 
3 699 706 698 
3 699 707 706 
3 700 707 699 
3 700 708 707 
3 701 708 700 
3 701 709 708 
3 702 709 701 
3 702 710 709 
3 703 710 702 
3 703 711 710 
3 705 712 704 
3 705 713 712 
3 706 713 705 
3 706 714 713 
3 707 714 706 
3 707 715 714 
3 708 715 707 
3 708 716 715 
3 709 716 708 
3 709 717 716 
3 710 717 709 
3 710 718 717 
3 711 718 710 
3 711 719 718 
3 713 720 712 
3 713 721 720 
3 714 721 713 
3 714 722 721 
3 715 722 714 
3 715 723 722 
3 716 723 715 
3 716 724 723 
3 717 724 716 
3 717 725 724 
3 718 725 717 
3 718 726 725 
3 719 726 718 
3 719 727 726 
3 721 618 720 
3 721 616 618 
3 722 616 721 
3 722 620 616 
3 723 620 722 
3 723 622 620 
3 724 622 723 
3 724 624 622 
3 725 624 724 
3 725 626 624 
3 726 626 725 
3 726 628 626 
3 727 628 726 
3 727 630 628 
3 728 631 630 
3 728 729 631 
3 730 729 728 
3 730 731 729 
3 732 731 730 
3 732 733 731 
3 734 733 732 
3 734 735 733 
3 736 735 734 
3 736 737 735 
3 738 737 736 
3 738 739 737 
3 328 739 738 
3 328 740 739 
3 729 639 631 
3 729 741 639 
3 731 741 729 
3 731 742 741 
3 733 742 731 
3 733 743 742 
3 735 743 733 
3 735 744 743 
3 737 744 735 
3 737 745 744 
3 739 745 737 
3 739 746 745 
3 740 746 739 
3 740 747 746 
3 741 647 639 
3 741 748 647 
3 742 748 741 
3 742 749 748 
3 743 749 742 
3 743 750 749 
3 744 750 743 
3 744 751 750 
3 745 751 744 
3 745 752 751 
3 746 752 745 
3 746 753 752 
3 747 753 746 
3 747 754 753 
3 748 655 647 
3 748 755 655 
3 749 755 748 
3 749 756 755 
3 750 756 749 
3 750 757 756 
3 751 757 750 
3 751 758 757 
3 752 758 751 
3 752 759 758 
3 753 759 752 
3 753 760 759 
3 754 760 753 
3 754 761 760 
3 755 663 655 
3 755 762 663 
3 756 762 755 
3 756 763 762 
3 757 763 756 
3 757 764 763 
3 758 764 757 
3 758 765 764 
3 759 765 758 
3 759 766 765 
3 760 766 759 
3 760 767 766 
3 761 767 760 
3 761 768 767 
3 762 671 663 
3 762 769 671 
3 763 769 762 
3 763 770 769 
3 764 770 763 
3 764 771 770 
3 765 771 764 
3 765 772 771 
3 766 772 765 
3 766 773 772 
3 767 773 766 
3 767 774 773 
3 768 774 767 
3 768 775 774 
3 769 679 671 
3 769 776 679 
3 770 776 769 
3 770 777 776 
3 771 777 770 
3 771 778 777 
3 772 778 771 
3 772 779 778 
3 773 779 772 
3 773 780 779 
3 774 780 773 
3 774 781 780 
3 775 781 774 
3 775 782 781 
3 776 687 679 
3 776 783 687 
3 777 783 776 
3 777 784 783 
3 778 784 777 
3 778 785 784 
3 779 785 778 
3 779 786 785 
3 780 786 779 
3 780 787 786 
3 781 787 780 
3 781 788 787 
3 782 788 781 
3 782 789 788 
3 783 695 687 
3 783 790 695 
3 784 790 783 
3 784 791 790 
3 785 791 784 
3 785 792 791 
3 786 792 785 
3 786 793 792 
3 787 793 786 
3 787 794 793 
3 788 794 787 
3 788 795 794 
3 789 795 788 
3 789 796 795 
3 790 703 695 
3 790 797 703 
3 791 797 790 
3 791 798 797 
3 792 798 791 
3 792 799 798 
3 793 799 792 
3 793 800 799 
3 794 800 793 
3 794 801 800 
3 795 801 794 
3 795 802 801 
3 796 802 795 
3 796 803 802 
3 797 711 703 
3 797 804 711 
3 798 804 797 
3 798 805 804 
3 799 805 798 
3 799 806 805 
3 800 806 799 
3 800 807 806 
3 801 807 800 
3 801 808 807 
3 802 808 801 
3 802 809 808 
3 803 809 802 
3 803 810 809 
3 804 719 711 
3 804 811 719 
3 805 811 804 
3 805 812 811 
3 806 812 805 
3 806 813 812 
3 807 813 806 
3 807 814 813 
3 808 814 807 
3 808 815 814 
3 809 815 808 
3 809 816 815 
3 810 816 809 
3 810 817 816 
3 811 727 719 
3 811 818 727 
3 812 818 811 
3 812 819 818 
3 813 819 812 
3 813 820 819 
3 814 820 813 
3 814 821 820 
3 815 821 814 
3 815 822 821 
3 816 822 815 
3 816 823 822 
3 817 823 816 
3 817 824 823 
3 818 630 727 
3 818 728 630 
3 819 728 818 
3 819 730 728 
3 820 730 819 
3 820 732 730 
3 821 732 820 
3 821 734 732 
3 822 734 821 
3 822 736 734 
3 823 736 822 
3 823 738 736 
3 824 738 823 
3 824 328 738 
3 825 826 827 
3 825 828 826 
3 829 828 825 
3 829 830 828 
3 831 830 829 
3 831 832 830 
3 833 832 831 
3 833 834 832 
3 835 834 833 
3 835 836 834 
3 837 836 835 
3 837 838 836 
3 839 838 837 
3 839 840 838 
3 828 841 826 
3 828 842 841 
3 830 842 828 
3 830 843 842 
3 832 843 830 
3 832 844 843 
3 834 844 832 
3 834 845 844 
3 836 845 834 
3 836 846 845 
3 838 846 836 
3 838 847 846 
3 840 847 838 
3 840 848 847 
3 842 849 841 
3 842 850 849 
3 843 850 842 
3 843 851 850 
3 844 851 843 
3 844 852 851 
3 845 852 844 
3 845 853 852 
3 846 853 845 
3 846 854 853 
3 847 854 846 
3 847 855 854 
3 848 855 847 
3 848 856 855 
3 850 857 849 
3 850 858 857 
3 851 858 850 
3 851 859 858 
3 852 859 851 
3 852 860 859 
3 853 860 852 
3 853 861 860 
3 854 861 853 
3 854 862 861 
3 855 862 854 
3 855 863 862 
3 856 863 855 
3 856 864 863 
3 858 865 857 
3 858 866 865 
3 859 866 858 
3 859 867 866 
3 860 867 859 
3 860 868 867 
3 861 868 860 
3 861 869 868 
3 862 869 861 
3 862 870 869 
3 863 870 862 
3 863 871 870 
3 864 871 863 
3 864 872 871 
3 866 873 865 
3 866 874 873 
3 867 874 866 
3 867 875 874 
3 868 875 867 
3 868 876 875 
3 869 876 868 
3 869 877 876 
3 870 877 869 
3 870 878 877 
3 871 878 870 
3 871 879 878 
3 872 879 871 
3 872 880 879 
3 874 881 873 
3 874 882 881 
3 875 882 874 
3 875 883 882 
3 876 883 875 
3 876 884 883 
3 877 884 876 
3 877 885 884 
3 878 885 877 
3 878 886 885 
3 879 886 878 
3 879 887 886 
3 880 887 879 
3 880 888 887 
3 882 889 881 
3 882 890 889 
3 883 890 882 
3 883 891 890 
3 884 891 883 
3 884 892 891 
3 885 892 884 
3 885 893 892 
3 886 893 885 
3 886 894 893 
3 887 894 886 
3 887 895 894 
3 888 895 887 
3 888 896 895 
3 890 897 889 
3 890 898 897 
3 891 898 890 
3 891 899 898 
3 892 899 891 
3 892 900 899 
3 893 900 892 
3 893 901 900 
3 894 901 893 
3 894 902 901 
3 895 902 894 
3 895 903 902 
3 896 903 895 
3 896 904 903 
3 898 905 897 
3 898 906 905 
3 899 906 898 
3 899 907 906 
3 900 907 899 
3 900 908 907 
3 901 908 900 
3 901 909 908 
3 902 909 901 
3 902 910 909 
3 903 910 902 
3 903 911 910 
3 904 911 903 
3 904 912 911 
3 906 913 905 
3 906 914 913 
3 907 914 906 
3 907 915 914 
3 908 915 907 
3 908 916 915 
3 909 916 908 
3 909 917 916 
3 910 917 909 
3 910 918 917 
3 911 918 910 
3 911 919 918 
3 912 919 911 
3 912 920 919 
3 914 921 913 
3 914 922 921 
3 915 922 914 
3 915 923 922 
3 916 923 915 
3 916 924 923 
3 917 924 916 
3 917 925 924 
3 918 925 917 
3 918 926 925 
3 919 926 918 
3 919 927 926 
3 920 927 919 
3 920 928 927 
3 922 929 921 
3 922 930 929 
3 923 930 922 
3 923 931 930 
3 924 931 923 
3 924 932 931 
3 925 932 924 
3 925 933 932 
3 926 933 925 
3 926 934 933 
3 927 934 926 
3 927 935 934 
3 928 935 927 
3 928 936 935 
3 930 827 929 
3 930 825 827 
3 931 825 930 
3 931 829 825 
3 932 829 931 
3 932 831 829 
3 933 831 932 
3 933 833 831 
3 934 833 933 
3 934 835 833 
3 935 835 934 
3 935 837 835 
3 936 837 935 
3 936 839 837 
3 937 840 839 
3 937 938 840 
3 939 938 937 
3 939 940 938 
3 941 940 939 
3 941 942 940 
3 943 942 941 
3 943 944 942 
3 945 944 943 
3 945 946 944 
3 947 946 945 
3 947 948 946 
3 949 948 947 
3 949 950 948 
3 938 848 840 
3 938 951 848 
3 940 951 938 
3 940 952 951 
3 942 952 940 
3 942 953 952 
3 944 953 942 
3 944 954 953 
3 946 954 944 
3 946 955 954 
3 948 955 946 
3 948 956 955 
3 950 956 948 
3 950 957 956 
3 951 856 848 
3 951 958 856 
3 952 958 951 
3 952 959 958 
3 953 959 952 
3 953 960 959 
3 954 960 953 
3 954 961 960 
3 955 961 954 
3 955 962 961 
3 956 962 955 
3 956 963 962 
3 957 963 956 
3 957 964 963 
3 958 864 856 
3 958 965 864 
3 959 965 958 
3 959 966 965 
3 960 966 959 
3 960 967 966 
3 961 967 960 
3 961 968 967 
3 962 968 961 
3 962 969 968 
3 963 969 962 
3 963 970 969 
3 964 970 963 
3 964 971 970 
3 965 872 864 
3 965 972 872 
3 966 972 965 
3 966 973 972 
3 967 973 966 
3 967 974 973 
3 968 974 967 
3 968 975 974 
3 969 975 968 
3 969 976 975 
3 970 976 969 
3 970 977 976 
3 971 977 970 
3 971 978 977 
3 972 880 872 
3 972 979 880 
3 973 979 972 
3 973 980 979 
3 974 980 973 
3 974 981 980 
3 975 981 974 
3 975 982 981 
3 976 982 975 
3 976 983 982 
3 977 983 976 
3 977 984 983 
3 978 984 977 
3 978 985 984 
3 979 888 880 
3 979 986 888 
3 980 986 979 
3 980 987 986 
3 981 987 980 
3 981 988 987 
3 982 988 981 
3 982 989 988 
3 983 989 982 
3 983 990 989 
3 984 990 983 
3 984 991 990 
3 985 991 984 
3 985 992 991 
3 986 896 888 
3 986 993 896 
3 987 993 986 
3 987 994 993 
3 988 994 987 
3 988 995 994 
3 989 995 988 
3 989 996 995 
3 990 996 989 
3 990 997 996 
3 991 997 990 
3 991 998 997 
3 992 998 991 
3 992 999 998 
3 993 904 896 
3 993 1000 904 
3 994 1000 993 
3 994 1001 1000 
3 995 1001 994 
3 995 1002 1001 
3 996 1002 995 
3 996 1003 1002 
3 997 1003 996 
3 997 1004 1003 
3 998 1004 997 
3 998 1005 1004 
3 999 1005 998 
3 999 1006 1005 
3 1000 912 904 
3 1000 1007 912 
3 1001 1007 1000 
3 1001 1008 1007 
3 1002 1008 1001 
3 1002 1009 1008 
3 1003 1009 1002 
3 1003 1010 1009 
3 1004 1010 1003 
3 1004 1011 1010 
3 1005 1011 1004 
3 1005 1012 1011 
3 1006 1012 1005 
3 1006 1013 1012 
3 1007 920 912 
3 1007 1014 920 
3 1008 1014 1007 
3 1008 1015 1014 
3 1009 1015 1008 
3 1009 1016 1015 
3 1010 1016 1009 
3 1010 1017 1016 
3 1011 1017 1010 
3 1011 1018 1017 
3 1012 1018 1011 
3 1012 1019 1018 
3 1013 1019 1012 
3 1013 1020 1019 
3 1014 928 920 
3 1014 1021 928 
3 1015 1021 1014 
3 1015 1022 1021 
3 1016 1022 1015 
3 1016 1023 1022 
3 1017 1023 1016 
3 1017 1024 1023 
3 1018 1024 1017 
3 1018 1025 1024 
3 1019 1025 1018 
3 1019 1026 1025 
3 1020 1026 1019 
3 1020 1027 1026 
3 1021 936 928 
3 1021 1028 936 
3 1022 1028 1021 
3 1022 1029 1028 
3 1023 1029 1022 
3 1023 1030 1029 
3 1024 1030 1023 
3 1024 1031 1030 
3 1025 1031 1024 
3 1025 1032 1031 
3 1026 1032 1025 
3 1026 1033 1032 
3 1027 1033 1026 
3 1027 1034 1033 
3 1028 839 936 
3 1028 937 839 
3 1029 937 1028 
3 1029 939 937 
3 1030 939 1029 
3 1030 941 939 
3 1031 941 1030 
3 1031 943 941 
3 1032 943 1031 
3 1032 945 943 
3 1033 945 1032 
3 1033 947 945 
3 1034 947 1033 
3 1034 949 947 
3 1035 1037 1036 
3 1038 1037 1035 
3 1038 1039 1037 
3 1040 1039 1038 
3 1040 1041 1039 
3 1042 1041 1040 
3 1042 1043 1041 
3 1044 1043 1042 
3 1044 1045 1043 
3 1046 1045 1044 
3 1046 1047 1045 
3 1048 1047 1046 
3 1048 1049 1047 
3 1037 1050 1036 
3 1039 1050 1037 
3 1039 1051 1050 
3 1041 1051 1039 
3 1041 1052 1051 
3 1043 1052 1041 
3 1043 1053 1052 
3 1045 1053 1043 
3 1045 1054 1053 
3 1047 1054 1045 
3 1047 1055 1054 
3 1049 1055 1047 
3 1049 1056 1055 
3 1050 1057 1036 
3 1051 1057 1050 
3 1051 1058 1057 
3 1052 1058 1051 
3 1052 1059 1058 
3 1053 1059 1052 
3 1053 1060 1059 
3 1054 1060 1053 
3 1054 1061 1060 
3 1055 1061 1054 
3 1055 1062 1061 
3 1056 1062 1055 
3 1056 1063 1062 
3 1057 1064 1036 
3 1058 1064 1057 
3 1058 1065 1064 
3 1059 1065 1058 
3 1059 1066 1065 
3 1060 1066 1059 
3 1060 1067 1066 
3 1061 1067 1060 
3 1061 1068 1067 
3 1062 1068 1061 
3 1062 1069 1068 
3 1063 1069 1062 
3 1063 1070 1069 
3 1064 1071 1036 
3 1065 1071 1064 
3 1065 1072 1071 
3 1066 1072 1065 
3 1066 1073 1072 
3 1067 1073 1066 
3 1067 1074 1073 
3 1068 1074 1067 
3 1068 1075 1074 
3 1069 1075 1068 
3 1069 1076 1075 
3 1070 1076 1069 
3 1070 1077 1076 
3 1071 1078 1036 
3 1072 1078 1071 
3 1072 1079 1078 
3 1073 1079 1072 
3 1073 1080 1079 
3 1074 1080 1073 
3 1074 1081 1080 
3 1075 1081 1074 
3 1075 1082 1081 
3 1076 1082 1075 
3 1076 1083 1082 
3 1077 1083 1076 
3 1077 1084 1083 
3 1078 1085 1036 
3 1079 1085 1078 
3 1079 1086 1085 
3 1080 1086 1079 
3 1080 1087 1086 
3 1081 1087 1080 
3 1081 1088 1087 
3 1082 1088 1081 
3 1082 1089 1088 
3 1083 1089 1082 
3 1083 1090 1089 
3 1084 1090 1083 
3 1084 1091 1090 
3 1085 1092 1036 
3 1086 1092 1085 
3 1086 1093 1092 
3 1087 1093 1086 
3 1087 1094 1093 
3 1088 1094 1087 
3 1088 1095 1094 
3 1089 1095 1088 
3 1089 1096 1095 
3 1090 1096 1089 
3 1090 1097 1096 
3 1091 1097 1090 
3 1091 1098 1097 
3 1092 1099 1036 
3 1093 1099 1092 
3 1093 1100 1099 
3 1094 1100 1093 
3 1094 1101 1100 
3 1095 1101 1094 
3 1095 1102 1101 
3 1096 1102 1095 
3 1096 1103 1102 
3 1097 1103 1096 
3 1097 1104 1103 
3 1098 1104 1097 
3 1098 1105 1104 
3 1099 1106 1036 
3 1100 1106 1099 
3 1100 1107 1106 
3 1101 1107 1100 
3 1101 1108 1107 
3 1102 1108 1101 
3 1102 1109 1108 
3 1103 1109 1102 
3 1103 1110 1109 
3 1104 1110 1103 
3 1104 1111 1110 
3 1105 1111 1104 
3 1105 1112 1111 
3 1106 1113 1036 
3 1107 1113 1106 
3 1107 1114 1113 
3 1108 1114 1107 
3 1108 1115 1114 
3 1109 1115 1108 
3 1109 1116 1115 
3 1110 1116 1109 
3 1110 1117 1116 
3 1111 1117 1110 
3 1111 1118 1117 
3 1112 1118 1111 
3 1112 1119 1118 
3 1113 1120 1036 
3 1114 1120 1113 
3 1114 1121 1120 
3 1115 1121 1114 
3 1115 1122 1121 
3 1116 1122 1115 
3 1116 1123 1122 
3 1117 1123 1116 
3 1117 1124 1123 
3 1118 1124 1117 
3 1118 1125 1124 
3 1119 1125 1118 
3 1119 1126 1125 
3 1120 1127 1036 
3 1121 1127 1120 
3 1121 1128 1127 
3 1122 1128 1121 
3 1122 1129 1128 
3 1123 1129 1122 
3 1123 1130 1129 
3 1124 1130 1123 
3 1124 1131 1130 
3 1125 1131 1124 
3 1125 1132 1131 
3 1126 1132 1125 
3 1126 1133 1132 
3 1127 1134 1036 
3 1128 1134 1127 
3 1128 1135 1134 
3 1129 1135 1128 
3 1129 1136 1135 
3 1130 1136 1129 
3 1130 1137 1136 
3 1131 1137 1130 
3 1131 1138 1137 
3 1132 1138 1131 
3 1132 1139 1138 
3 1133 1139 1132 
3 1133 1140 1139 
3 1134 1141 1036 
3 1135 1141 1134 
3 1135 1142 1141 
3 1136 1142 1135 
3 1136 1143 1142 
3 1137 1143 1136 
3 1137 1144 1143 
3 1138 1144 1137 
3 1138 1145 1144 
3 1139 1145 1138 
3 1139 1146 1145 
3 1140 1146 1139 
3 1140 1147 1146 
3 1141 1148 1036 
3 1142 1148 1141 
3 1142 1149 1148 
3 1143 1149 1142 
3 1143 1150 1149 
3 1144 1150 1143 
3 1144 1151 1150 
3 1145 1151 1144 
3 1145 1152 1151 
3 1146 1152 1145 
3 1146 1153 1152 
3 1147 1153 1146 
3 1147 1154 1153 
3 1148 1155 1036 
3 1149 1155 1148 
3 1149 1156 1155 
3 1150 1156 1149 
3 1150 1157 1156 
3 1151 1157 1150 
3 1151 1158 1157 
3 1152 1158 1151 
3 1152 1159 1158 
3 1153 1159 1152 
3 1153 1160 1159 
3 1154 1160 1153 
3 1154 1161 1160 
3 1155 1162 1036 
3 1156 1162 1155 
3 1156 1163 1162 
3 1157 1163 1156 
3 1157 1164 1163 
3 1158 1164 1157 
3 1158 1165 1164 
3 1159 1165 1158 
3 1159 1166 1165 
3 1160 1166 1159 
3 1160 1167 1166 
3 1161 1167 1160 
3 1161 1168 1167 
3 1162 1169 1036 
3 1163 1169 1162 
3 1163 1170 1169 
3 1164 1170 1163 
3 1164 1171 1170 
3 1165 1171 1164 
3 1165 1172 1171 
3 1166 1172 1165 
3 1166 1173 1172 
3 1167 1173 1166 
3 1167 1174 1173 
3 1168 1174 1167 
3 1168 1175 1174 
3 1169 1176 1036 
3 1170 1176 1169 
3 1170 1177 1176 
3 1171 1177 1170 
3 1171 1178 1177 
3 1172 1178 1171 
3 1172 1179 1178 
3 1173 1179 1172 
3 1173 1180 1179 
3 1174 1180 1173 
3 1174 1181 1180 
3 1175 1181 1174 
3 1175 1182 1181 
3 1176 1183 1036 
3 1177 1183 1176 
3 1177 1184 1183 
3 1178 1184 1177 
3 1178 1185 1184 
3 1179 1185 1178 
3 1179 1186 1185 
3 1180 1186 1179 
3 1180 1187 1186 
3 1181 1187 1180 
3 1181 1188 1187 
3 1182 1188 1181 
3 1182 1189 1188 
3 1183 1190 1036 
3 1184 1190 1183 
3 1184 1191 1190 
3 1185 1191 1184 
3 1185 1192 1191 
3 1186 1192 1185 
3 1186 1193 1192 
3 1187 1193 1186 
3 1187 1194 1193 
3 1188 1194 1187 
3 1188 1195 1194 
3 1189 1195 1188 
3 1189 1196 1195 
3 1190 1197 1036 
3 1191 1197 1190 
3 1191 1198 1197 
3 1192 1198 1191 
3 1192 1199 1198 
3 1193 1199 1192 
3 1193 1200 1199 
3 1194 1200 1193 
3 1194 1201 1200 
3 1195 1201 1194 
3 1195 1202 1201 
3 1196 1202 1195 
3 1196 1203 1202 
3 1197 1204 1036 
3 1198 1204 1197 
3 1198 1205 1204 
3 1199 1205 1198 
3 1199 1206 1205 
3 1200 1206 1199 
3 1200 1207 1206 
3 1201 1207 1200 
3 1201 1208 1207 
3 1202 1208 1201 
3 1202 1209 1208 
3 1203 1209 1202 
3 1203 1210 1209 
3 1204 1211 1036 
3 1205 1211 1204 
3 1205 1212 1211 
3 1206 1212 1205 
3 1206 1213 1212 
3 1207 1213 1206 
3 1207 1214 1213 
3 1208 1214 1207 
3 1208 1215 1214 
3 1209 1215 1208 
3 1209 1216 1215 
3 1210 1216 1209 
3 1210 1217 1216 
3 1211 1218 1036 
3 1212 1218 1211 
3 1212 1219 1218 
3 1213 1219 1212 
3 1213 1220 1219 
3 1214 1220 1213 
3 1214 1221 1220 
3 1215 1221 1214 
3 1215 1222 1221 
3 1216 1222 1215 
3 1216 1223 1222 
3 1217 1223 1216 
3 1217 1224 1223 
3 1218 1225 1036 
3 1219 1225 1218 
3 1219 1226 1225 
3 1220 1226 1219 
3 1220 1227 1226 
3 1221 1227 1220 
3 1221 1228 1227 
3 1222 1228 1221 
3 1222 1229 1228 
3 1223 1229 1222 
3 1223 1230 1229 
3 1224 1230 1223 
3 1224 1231 1230 
3 1225 1035 1036 
3 1226 1035 1225 
3 1226 1038 1035 
3 1227 1038 1226 
3 1227 1040 1038 
3 1228 1040 1227 
3 1228 1042 1040 
3 1229 1042 1228 
3 1229 1044 1042 
3 1230 1044 1229 
3 1230 1046 1044 
3 1231 1046 1230 
3 1231 1048 1046 
3 1232 1049 1048 
3 1232 1233 1049 
3 1234 1233 1232 
3 1234 1235 1233 
3 1236 1235 1234 
3 1236 1237 1235 
3 1238 1237 1236 
3 1238 1239 1237 
3 1240 1239 1238 
3 1240 1241 1239 
3 1242 1241 1240 
3 1242 1243 1241 
3 1244 1243 1242 
3 1244 1245 1243 
3 1233 1056 1049 
3 1233 1246 1056 
3 1235 1246 1233 
3 1235 1247 1246 
3 1237 1247 1235 
3 1237 1248 1247 
3 1239 1248 1237 
3 1239 1249 1248 
3 1241 1249 1239 
3 1241 1250 1249 
3 1243 1250 1241 
3 1243 1251 1250 
3 1245 1251 1243 
3 1245 1252 1251 
3 1246 1063 1056 
3 1246 1253 1063 
3 1247 1253 1246 
3 1247 1254 1253 
3 1248 1254 1247 
3 1248 1255 1254 
3 1249 1255 1248 
3 1249 1256 1255 
3 1250 1256 1249 
3 1250 1257 1256 
3 1251 1257 1250 
3 1251 1258 1257 
3 1252 1258 1251 
3 1252 1259 1258 
3 1253 1070 1063 
3 1253 1260 1070 
3 1254 1260 1253 
3 1254 1261 1260 
3 1255 1261 1254 
3 1255 1262 1261 
3 1256 1262 1255 
3 1256 1263 1262 
3 1257 1263 1256 
3 1257 1264 1263 
3 1258 1264 1257 
3 1258 1265 1264 
3 1259 1265 1258 
3 1259 1266 1265 
3 1260 1077 1070 
3 1260 1267 1077 
3 1261 1267 1260 
3 1261 1268 1267 
3 1262 1268 1261 
3 1262 1269 1268 
3 1263 1269 1262 
3 1263 1270 1269 
3 1264 1270 1263 
3 1264 1271 1270 
3 1265 1271 1264 
3 1265 1272 1271 
3 1266 1272 1265 
3 1266 1273 1272 
3 1267 1084 1077 
3 1267 1274 1084 
3 1268 1274 1267 
3 1268 1275 1274 
3 1269 1275 1268 
3 1269 1276 1275 
3 1270 1276 1269 
3 1270 1277 1276 
3 1271 1277 1270 
3 1271 1278 1277 
3 1272 1278 1271 
3 1272 1279 1278 
3 1273 1279 1272 
3 1273 1280 1279 
3 1274 1091 1084 
3 1274 1281 1091 
3 1275 1281 1274 
3 1275 1282 1281 
3 1276 1282 1275 
3 1276 1283 1282 
3 1277 1283 1276 
3 1277 1284 1283 
3 1278 1284 1277 
3 1278 1285 1284 
3 1279 1285 1278 
3 1279 1286 1285 
3 1280 1286 1279 
3 1280 1287 1286 
3 1281 1098 1091 
3 1281 1288 1098 
3 1282 1288 1281 
3 1282 1289 1288 
3 1283 1289 1282 
3 1283 1290 1289 
3 1284 1290 1283 
3 1284 1291 1290 
3 1285 1291 1284 
3 1285 1292 1291 
3 1286 1292 1285 
3 1286 1293 1292 
3 1287 1293 1286 
3 1287 1294 1293 
3 1288 1105 1098 
3 1288 1295 1105 
3 1289 1295 1288 
3 1289 1296 1295 
3 1290 1296 1289 
3 1290 1297 1296 
3 1291 1297 1290 
3 1291 1298 1297 
3 1292 1298 1291 
3 1292 1299 1298 
3 1293 1299 1292 
3 1293 1300 1299 
3 1294 1300 1293 
3 1294 1301 1300 
3 1295 1112 1105 
3 1295 1302 1112 
3 1296 1302 1295 
3 1296 1303 1302 
3 1297 1303 1296 
3 1297 1304 1303 
3 1298 1304 1297 
3 1298 1305 1304 
3 1299 1305 1298 
3 1299 1306 1305 
3 1300 1306 1299 
3 1300 1307 1306 
3 1301 1307 1300 
3 1301 1308 1307 
3 1302 1119 1112 
3 1302 1309 1119 
3 1303 1309 1302 
3 1303 1310 1309 
3 1304 1310 1303 
3 1304 1311 1310 
3 1305 1311 1304 
3 1305 1312 1311 
3 1306 1312 1305 
3 1306 1313 1312 
3 1307 1313 1306 
3 1307 1314 1313 
3 1308 1314 1307 
3 1308 1315 1314 
3 1309 1126 1119 
3 1309 1316 1126 
3 1310 1316 1309 
3 1310 1317 1316 
3 1311 1317 1310 
3 1311 1318 1317 
3 1312 1318 1311 
3 1312 1319 1318 
3 1313 1319 1312 
3 1313 1320 1319 
3 1314 1320 1313 
3 1314 1321 1320 
3 1315 1321 1314 
3 1315 1322 1321 
3 1316 1133 1126 
3 1316 1323 1133 
3 1317 1323 1316 
3 1317 1324 1323 
3 1318 1324 1317 
3 1318 1325 1324 
3 1319 1325 1318 
3 1319 1326 1325 
3 1320 1326 1319 
3 1320 1327 1326 
3 1321 1327 1320 
3 1321 1328 1327 
3 1322 1328 1321 
3 1322 1329 1328 
3 1323 1140 1133 
3 1323 1330 1140 
3 1324 1330 1323 
3 1324 1331 1330 
3 1325 1331 1324 
3 1325 1332 1331 
3 1326 1332 1325 
3 1326 1333 1332 
3 1327 1333 1326 
3 1327 1334 1333 
3 1328 1334 1327 
3 1328 1335 1334 
3 1329 1335 1328 
3 1329 1336 1335 
3 1330 1147 1140 
3 1330 1337 1147 
3 1331 1337 1330 
3 1331 1338 1337 
3 1332 1338 1331 
3 1332 1339 1338 
3 1333 1339 1332 
3 1333 1340 1339 
3 1334 1340 1333 
3 1334 1341 1340 
3 1335 1341 1334 
3 1335 1342 1341 
3 1336 1342 1335 
3 1336 1343 1342 
3 1337 1154 1147 
3 1337 1344 1154 
3 1338 1344 1337 
3 1338 1345 1344 
3 1339 1345 1338 
3 1339 1346 1345 
3 1340 1346 1339 
3 1340 1347 1346 
3 1341 1347 1340 
3 1341 1348 1347 
3 1342 1348 1341 
3 1342 1349 1348 
3 1343 1349 1342 
3 1343 1350 1349 
3 1344 1161 1154 
3 1344 1351 1161 
3 1345 1351 1344 
3 1345 1352 1351 
3 1346 1352 1345 
3 1346 1353 1352 
3 1347 1353 1346 
3 1347 1354 1353 
3 1348 1354 1347 
3 1348 1355 1354 
3 1349 1355 1348 
3 1349 1356 1355 
3 1350 1356 1349 
3 1350 1357 1356 
3 1351 1168 1161 
3 1351 1358 1168 
3 1352 1358 1351 
3 1352 1359 1358 
3 1353 1359 1352 
3 1353 1360 1359 
3 1354 1360 1353 
3 1354 1361 1360 
3 1355 1361 1354 
3 1355 1362 1361 
3 1356 1362 1355 
3 1356 1363 1362 
3 1357 1363 1356 
3 1357 1364 1363 
3 1358 1175 1168 
3 1358 1365 1175 
3 1359 1365 1358 
3 1359 1366 1365 
3 1360 1366 1359 
3 1360 1367 1366 
3 1361 1367 1360 
3 1361 1368 1367 
3 1362 1368 1361 
3 1362 1369 1368 
3 1363 1369 1362 
3 1363 1370 1369 
3 1364 1370 1363 
3 1364 1371 1370 
3 1365 1182 1175 
3 1365 1372 1182 
3 1366 1372 1365 
3 1366 1373 1372 
3 1367 1373 1366 
3 1367 1374 1373 
3 1368 1374 1367 
3 1368 1375 1374 
3 1369 1375 1368 
3 1369 1376 1375 
3 1370 1376 1369 
3 1370 1377 1376 
3 1371 1377 1370 
3 1371 1378 1377 
3 1372 1189 1182 
3 1372 1379 1189 
3 1373 1379 1372 
3 1373 1380 1379 
3 1374 1380 1373 
3 1374 1381 1380 
3 1375 1381 1374 
3 1375 1382 1381 
3 1376 1382 1375 
3 1376 1383 1382 
3 1377 1383 1376 
3 1377 1384 1383 
3 1378 1384 1377 
3 1378 1385 1384 
3 1379 1196 1189 
3 1379 1386 1196 
3 1380 1386 1379 
3 1380 1387 1386 
3 1381 1387 1380 
3 1381 1388 1387 
3 1382 1388 1381 
3 1382 1389 1388 
3 1383 1389 1382 
3 1383 1390 1389 
3 1384 1390 1383 
3 1384 1391 1390 
3 1385 1391 1384 
3 1385 1392 1391 
3 1386 1203 1196 
3 1386 1393 1203 
3 1387 1393 1386 
3 1387 1394 1393 
3 1388 1394 1387 
3 1388 1395 1394 
3 1389 1395 1388 
3 1389 1396 1395 
3 1390 1396 1389 
3 1390 1397 1396 
3 1391 1397 1390 
3 1391 1398 1397 
3 1392 1398 1391 
3 1392 1399 1398 
3 1393 1210 1203 
3 1393 1400 1210 
3 1394 1400 1393 
3 1394 1401 1400 
3 1395 1401 1394 
3 1395 1402 1401 
3 1396 1402 1395 
3 1396 1403 1402 
3 1397 1403 1396 
3 1397 1404 1403 
3 1398 1404 1397 
3 1398 1405 1404 
3 1399 1405 1398 
3 1399 1406 1405 
3 1400 1217 1210 
3 1400 1407 1217 
3 1401 1407 1400 
3 1401 1408 1407 
3 1402 1408 1401 
3 1402 1409 1408 
3 1403 1409 1402 
3 1403 1410 1409 
3 1404 1410 1403 
3 1404 1411 1410 
3 1405 1411 1404 
3 1405 1412 1411 
3 1406 1412 1405 
3 1406 1413 1412 
3 1407 1224 1217 
3 1407 1414 1224 
3 1408 1414 1407 
3 1408 1415 1414 
3 1409 1415 1408 
3 1409 1416 1415 
3 1410 1416 1409 
3 1410 1417 1416 
3 1411 1417 1410 
3 1411 1418 1417 
3 1412 1418 1411 
3 1412 1419 1418 
3 1413 1419 1412 
3 1413 1420 1419 
3 1414 1231 1224 
3 1414 1421 1231 
3 1415 1421 1414 
3 1415 1422 1421 
3 1416 1422 1415 
3 1416 1423 1422 
3 1417 1423 1416 
3 1417 1424 1423 
3 1418 1424 1417 
3 1418 1425 1424 
3 1419 1425 1418 
3 1419 1426 1425 
3 1420 1426 1419 
3 1420 1427 1426 
3 1421 1048 1231 
3 1421 1232 1048 
3 1422 1232 1421 
3 1422 1234 1232 
3 1423 1234 1422 
3 1423 1236 1234 
3 1424 1236 1423 
3 1424 1238 1236 
3 1425 1238 1424 
3 1425 1240 1238 
3 1426 1240 1425 
3 1426 1242 1240 
3 1427 1242 1426 
3 1427 1244 1242 
3 1428 1430 1429 
3 1431 1430 1428 
3 1431 1432 1430 
3 1433 1432 1431 
3 1433 1434 1432 
3 1435 1434 1433 
3 1435 1436 1434 
3 1437 1436 1435 
3 1437 1438 1436 
3 1439 1438 1437 
3 1439 1440 1438 
3 432 1440 1439 
3 432 615 1440 
3 1430 1441 1429 
3 1432 1441 1430 
3 1432 1442 1441 
3 1434 1442 1432 
3 1434 1443 1442 
3 1436 1443 1434 
3 1436 1444 1443 
3 1438 1444 1436 
3 1438 1445 1444 
3 1440 1445 1438 
3 1440 1446 1445 
3 615 1446 1440 
3 615 608 1446 
3 1441 1447 1429 
3 1442 1447 1441 
3 1442 1448 1447 
3 1443 1448 1442 
3 1443 1449 1448 
3 1444 1449 1443 
3 1444 1450 1449 
3 1445 1450 1444 
3 1445 1451 1450 
3 1446 1451 1445 
3 1446 1452 1451 
3 608 1452 1446 
3 608 601 1452 
3 1447 1453 1429 
3 1448 1453 1447 
3 1448 1454 1453 
3 1449 1454 1448 
3 1449 1455 1454 
3 1450 1455 1449 
3 1450 1456 1455 
3 1451 1456 1450 
3 1451 1457 1456 
3 1452 1457 1451 
3 1452 1458 1457 
3 601 1458 1452 
3 601 594 1458 
3 1453 1459 1429 
3 1454 1459 1453 
3 1454 1460 1459 
3 1455 1460 1454 
3 1455 1461 1460 
3 1456 1461 1455 
3 1456 1462 1461 
3 1457 1462 1456 
3 1457 1463 1462 
3 1458 1463 1457 
3 1458 1464 1463 
3 594 1464 1458 
3 594 587 1464 
3 1459 1465 1429 
3 1460 1465 1459 
3 1460 1466 1465 
3 1461 1466 1460 
3 1461 1467 1466 
3 1462 1467 1461 
3 1462 1468 1467 
3 1463 1468 1462 
3 1463 1469 1468 
3 1464 1469 1463 
3 1464 1470 1469 
3 587 1470 1464 
3 587 580 1470 
3 1465 1471 1429 
3 1466 1471 1465 
3 1466 1472 1471 
3 1467 1472 1466 
3 1467 1473 1472 
3 1468 1473 1467 
3 1468 1474 1473 
3 1469 1474 1468 
3 1469 1475 1474 
3 1470 1475 1469 
3 1470 1476 1475 
3 580 1476 1470 
3 580 573 1476 
3 1471 1477 1429 
3 1472 1477 1471 
3 1472 1478 1477 
3 1473 1478 1472 
3 1473 1479 1478 
3 1474 1479 1473 
3 1474 1480 1479 
3 1475 1480 1474 
3 1475 1481 1480 
3 1476 1481 1475 
3 1476 1482 1481 
3 573 1482 1476 
3 573 566 1482 
3 1477 1483 1429 
3 1478 1483 1477 
3 1478 1484 1483 
3 1479 1484 1478 
3 1479 1485 1484 
3 1480 1485 1479 
3 1480 1486 1485 
3 1481 1486 1480 
3 1481 1487 1486 
3 1482 1487 1481 
3 1482 1488 1487 
3 566 1488 1482 
3 566 559 1488 
3 1483 1489 1429 
3 1484 1489 1483 
3 1484 1490 1489 
3 1485 1490 1484 
3 1485 1491 1490 
3 1486 1491 1485 
3 1486 1492 1491 
3 1487 1492 1486 
3 1487 1493 1492 
3 1488 1493 1487 
3 1488 1494 1493 
3 559 1494 1488 
3 559 552 1494 
3 1489 1495 1429 
3 1490 1495 1489 
3 1490 1496 1495 
3 1491 1496 1490 
3 1491 1497 1496 
3 1492 1497 1491 
3 1492 1498 1497 
3 1493 1498 1492 
3 1493 1499 1498 
3 1494 1499 1493 
3 1494 1500 1499 
3 552 1500 1494 
3 552 545 1500 
3 1495 1501 1429 
3 1496 1501 1495 
3 1496 1502 1501 
3 1497 1502 1496 
3 1497 1503 1502 
3 1498 1503 1497 
3 1498 1504 1503 
3 1499 1504 1498 
3 1499 1505 1504 
3 1500 1505 1499 
3 1500 1506 1505 
3 545 1506 1500 
3 545 538 1506 
3 1501 1507 1429 
3 1502 1507 1501 
3 1502 1508 1507 
3 1503 1508 1502 
3 1503 1509 1508 
3 1504 1509 1503 
3 1504 1510 1509 
3 1505 1510 1504 
3 1505 1511 1510 
3 1506 1511 1505 
3 1506 1512 1511 
3 538 1512 1506 
3 538 531 1512 
3 1507 1513 1429 
3 1508 1513 1507 
3 1508 1514 1513 
3 1509 1514 1508 
3 1509 1515 1514 
3 1510 1515 1509 
3 1510 1516 1515 
3 1511 1516 1510 
3 1511 1517 1516 
3 1512 1517 1511 
3 1512 1518 1517 
3 531 1518 1512 
3 531 524 1518 
3 1513 1519 1429 
3 1514 1519 1513 
3 1514 1520 1519 
3 1515 1520 1514 
3 1515 1521 1520 
3 1516 1521 1515 
3 1516 1522 1521 
3 1517 1522 1516 
3 1517 1523 1522 
3 1518 1523 1517 
3 1518 1524 1523 
3 524 1524 1518 
3 524 517 1524 
3 1519 1525 1429 
3 1520 1525 1519 
3 1520 1526 1525 
3 1521 1526 1520 
3 1521 1527 1526 
3 1522 1527 1521 
3 1522 1528 1527 
3 1523 1528 1522 
3 1523 1529 1528 
3 1524 1529 1523 
3 1524 1530 1529 
3 517 1530 1524 
3 517 510 1530 
3 1525 1531 1429 
3 1526 1531 1525 
3 1526 1532 1531 
3 1527 1532 1526 
3 1527 1533 1532 
3 1528 1533 1527 
3 1528 1534 1533 
3 1529 1534 1528 
3 1529 1535 1534 
3 1530 1535 1529 
3 1530 1536 1535 
3 510 1536 1530 
3 510 503 1536 
3 1531 1537 1429 
3 1532 1537 1531 
3 1532 1538 1537 
3 1533 1538 1532 
3 1533 1539 1538 
3 1534 1539 1533 
3 1534 1540 1539 
3 1535 1540 1534 
3 1535 1541 1540 
3 1536 1541 1535 
3 1536 1542 1541 
3 503 1542 1536 
3 503 496 1542 
3 1537 1543 1429 
3 1538 1543 1537 
3 1538 1544 1543 
3 1539 1544 1538 
3 1539 1545 1544 
3 1540 1545 1539 
3 1540 1546 1545 
3 1541 1546 1540 
3 1541 1547 1546 
3 1542 1547 1541 
3 1542 1548 1547 
3 496 1548 1542 
3 496 489 1548 
3 1543 1549 1429 
3 1544 1549 1543 
3 1544 1550 1549 
3 1545 1550 1544 
3 1545 1551 1550 
3 1546 1551 1545 
3 1546 1552 1551 
3 1547 1552 1546 
3 1547 1553 1552 
3 1548 1553 1547 
3 1548 1554 1553 
3 489 1554 1548 
3 489 482 1554 
3 1549 1555 1429 
3 1550 1555 1549 
3 1550 1556 1555 
3 1551 1556 1550 
3 1551 1557 1556 
3 1552 1557 1551 
3 1552 1558 1557 
3 1553 1558 1552 
3 1553 1559 1558 
3 1554 1559 1553 
3 1554 1560 1559 
3 482 1560 1554 
3 482 475 1560 
3 1555 1561 1429 
3 1556 1561 1555 
3 1556 1562 1561 
3 1557 1562 1556 
3 1557 1563 1562 
3 1558 1563 1557 
3 1558 1564 1563 
3 1559 1564 1558 
3 1559 1565 1564 
3 1560 1565 1559 
3 1560 1566 1565 
3 475 1566 1560 
3 475 468 1566 
3 1561 1567 1429 
3 1562 1567 1561 
3 1562 1568 1567 
3 1563 1568 1562 
3 1563 1569 1568 
3 1564 1569 1563 
3 1564 1570 1569 
3 1565 1570 1564 
3 1565 1571 1570 
3 1566 1571 1565 
3 1566 1572 1571 
3 468 1572 1566 
3 468 461 1572 
3 1567 1573 1429 
3 1568 1573 1567 
3 1568 1574 1573 
3 1569 1574 1568 
3 1569 1575 1574 
3 1570 1575 1569 
3 1570 1576 1575 
3 1571 1576 1570 
3 1571 1577 1576 
3 1572 1577 1571 
3 1572 1578 1577 
3 461 1578 1572 
3 461 454 1578 
3 1573 1579 1429 
3 1574 1579 1573 
3 1574 1580 1579 
3 1575 1580 1574 
3 1575 1581 1580 
3 1576 1581 1575 
3 1576 1582 1581 
3 1577 1582 1576 
3 1577 1583 1582 
3 1578 1583 1577 
3 1578 1584 1583 
3 454 1584 1578 
3 454 447 1584 
3 1579 1585 1429 
3 1580 1585 1579 
3 1580 1586 1585 
3 1581 1586 1580 
3 1581 1587 1586 
3 1582 1587 1581 
3 1582 1588 1587 
3 1583 1588 1582 
3 1583 1589 1588 
3 1584 1589 1583 
3 1584 1590 1589 
3 447 1590 1584 
3 447 440 1590 
3 1585 1591 1429 
3 1586 1591 1585 
3 1586 1592 1591 
3 1587 1592 1586 
3 1587 1593 1592 
3 1588 1593 1587 
3 1588 1594 1593 
3 1589 1594 1588 
3 1589 1595 1594 
3 1590 1595 1589 
3 1590 1596 1595 
3 440 1596 1590 
3 440 433 1596 
3 1591 1428 1429 
3 1592 1428 1591 
3 1592 1431 1428 
3 1593 1431 1592 
3 1593 1433 1431 
3 1594 1433 1593 
3 1594 1435 1433 
3 1595 1435 1594 
3 1595 1437 1435 
3 1596 1437 1595 
3 1596 1439 1437 
3 433 1439 1596 
3 433 432 1439 
