1910 2084
0.002102 1.000000 -0.018170
0.003284 0.995602 -0.129559
-0.107511 0.995602 -0.017575
0.003284 0.995602 0.093220
0.109312 0.995602 -0.017575
0.003284 0.995602 -0.129559
0.002102 0.929701 -0.311835
-0.160524 0.929701 -0.184374
-0.271319 0.929701 -0.016377
-0.162920 0.929701 0.152191
0.000904 0.929701 0.260606
0.170670 0.929701 0.152191
0.277888 0.929701 -0.012807
0.169472 0.929701 -0.181986
0.002102 0.929701 -0.311835
0.003284 0.797891 -0.522105
-0.163507 0.797891 -0.462547
-0.329100 0.797891 -0.349364
-0.447638 0.797891 -0.015195
-0.329100 0.797891 0.262986
-0.163507 0.797891 0.421432
-0.001483 0.797891 0.464919
0.165895 0.797891 0.423820
0.334479 0.797891 0.259995
0.447654 0.797891 -0.016377
0.333289 0.797891 -0.350562
0.167093 0.797891 -0.465514
0.003284 0.797891 -0.522105
0.003284 0.666056 -0.638857
-0.217124 0.666056 -0.578704
-0.394029 0.666056 -0.469099
-0.561415 0.666056 -0.021747
-0.441680 0.666056 0.315397
-0.284424 0.666056 0.478023
-0.001483 0.666056 0.547117
0.266568 0.666056 0.476834
0.439903 0.666056 0.316595
0.562613 0.666056 -0.015195
0.392252 0.666056 -0.463737
0.223684 0.666056 -0.575714
0.003284 0.666056 -0.638857
0.003879 0.534237 -0.691871
-0.282631 0.534237 -0.632900
-0.507212 0.534237 -0.464332
-0.613834 0.534237 -0.019367
-0.503031 0.534237 0.369608
-0.330893 0.534237 0.538176
0.000904 0.534237 0.588810
0.330298 0.534237 0.536995
0.496503 0.534237 0.370806
0.616230 0.534237 -0.018170
0.497684 0.534237 -0.467902
0.277888 0.534237 -0.629925
0.003879 0.534237 -0.691871
0.003879 0.402418 -0.740720
-0.280251 0.402418 -0.693061
-0.507212 0.402418 -0.579894
-0.665650 0.402418 -0.021747
-0.505419 0.402418 0.480403
-0.342197 0.402418 0.596561
-0.001483 0.402418 0.620977
0.330893 0.402418 0.593578
0.497685 0.402418 0.478023
0.651371 0.402418 -0.018170
0.495313 0.402418 -0.579894
0.277888 0.402418 -0.694267
0.003879 0.402418 -0.740720
-0.000286 0.336501 -0.751445
-0.285622 0.336501 -0.676387
-0.511971 0.336501 -0.570946
-0.616214 0.336501 -0.340440
-0.673400 0.336501 -0.011617
-0.618007 0.336501 0.206387
-0.507212 0.336501 0.438107
-0.529835 0.336501 0.480403
-0.527455 0.336501 0.513760
-0.504221 0.336501 0.541159
-0.424419 0.336501 0.601328
-0.335661 0.336501 0.650177
-0.226056 0.336501 0.669826
-0.115856 0.336501 0.685319
-0.008028 0.336501 0.663266
0.106329 0.336501 0.685319
0.213562 0.336501 0.669826
0.323159 0.336501 0.650177
0.400002 0.336501 0.610260
0.491727 0.336501 0.539366
0.517350 0.336501 0.514950
0.517350 0.336501 0.485766
0.489950 0.336501 0.436322
0.602522 0.336501 0.208782
0.665666 0.336501 -0.011617
0.609677 0.336501 -0.341622
0.495313 0.336501 -0.569764
0.280275 0.336501 -0.679369
-0.000286 0.336501 -0.751445
0.003284 0.270583 -0.766335
-0.272517 0.270583 -0.677585
-0.496487 0.270583 -0.568574
-0.603704 0.270583 -0.344597
-0.659105 0.270583 -0.015195
-0.594772 0.270583 0.203420
-0.496487 0.270583 0.348167
-0.482787 0.270583 0.426192
-0.506014 0.270583 0.459556
-0.525068 0.270583 0.429182
-0.545915 0.270583 0.467299
-0.544146 0.270583 0.504828
-0.508385 0.270583 0.520312
-0.476227 0.270583 0.507803
-0.476227 0.270583 0.481585
-0.388674 0.270583 0.414872
-0.275492 0.270583 0.373773
-0.226056 0.270583 0.395223
-0.167085 0.270583 0.483973
-0.127176 0.270583 0.583456
-0.142660 0.270583 0.612037
-0.123598 0.270583 0.642427
-0.081293 0.270583 0.669826
-0.001483 0.270583 0.682336
0.075955 0.270583 0.667446
0.118252 0.270583 0.641229
0.134926 0.270583 0.616813
0.120639 0.270583 0.587026
0.164705 0.270583 0.485766
0.218322 0.270583 0.396413
0.270145 0.270583 0.370806
0.386303 0.270583 0.412500
0.479820 0.270583 0.476834
0.482200 0.270583 0.503630
0.517350 0.270583 0.526865
0.548327 0.270583 0.500060
0.549508 0.270583 0.464919
0.527464 0.270583 0.427993
0.505435 0.270583 0.461341
0.482200 0.270583 0.425002
0.494115 0.270583 0.350554
0.593598 0.270583 0.201024
0.660303 0.270583 -0.015195
0.609677 0.270583 -0.344002
0.492917 0.270583 -0.566774
0.280275 0.270583 -0.675189
0.003284 0.270583 -0.766335
0.006267 0.204674 -0.758584
-0.270129 0.204674 -0.675189
-0.491719 0.204674 -0.542365
-0.600729 0.204674 -0.341622
-0.648388 0.204674 -0.010427
-0.568562 0.204674 0.205197
-0.460734 0.204674 0.349356
-0.490529 0.204674 0.401775
-0.520895 0.204674 0.427390
-0.547113 0.204674 0.399396
-0.556045 0.204674 0.469083
-0.523886 0.204674 0.481585
-0.498271 0.204674 0.466101
-0.505419 0.204674 0.444667
-0.415471 0.204674 0.360676
-0.325531 0.204674 0.297533
-0.271319 0.204674 0.264168
-0.214736 0.204674 0.315397
-0.161722 0.204674 0.430356
-0.119425 0.204674 0.548901
-0.136108 0.204674 0.583456
-0.096786 0.204674 0.592388
-0.064619 0.204674 0.612037
-0.028882 0.204674 0.647789
0.037236 0.204674 0.647789
0.072980 0.204674 0.612037
0.102767 0.204674 0.593578
0.134926 0.204674 0.584646
0.121813 0.204674 0.547720
0.167093 0.204674 0.427993
0.222494 0.204674 0.320759
0.277888 0.204674 0.264168
0.338652 0.204674 0.292773
0.422039 0.204674 0.363048
0.509599 0.204674 0.449434
0.508410 0.204674 0.472661
0.535214 0.204674 0.484568
0.563811 0.204674 0.473851
0.554879 0.204674 0.405940
0.536412 0.204674 0.429182
0.500659 0.204674 0.411905
0.466121 0.204674 0.354124
0.579295 0.204674 0.211154
0.653751 0.204674 -0.014013
0.610272 0.204674 -0.339243
0.500659 0.204674 -0.537598
0.281465 0.204674 -0.672817
0.006267 0.204674 -0.758584
0.007449 0.138773 -0.746083
-0.274302 0.138773 -0.665067
-0.501849 0.138773 -0.546530
-0.610256 0.138773 -0.335070
-0.640622 0.138773 -0.015195
-0.550682 0.138773 0.145639
-0.459552 0.138773 0.288601
-0.496487 0.138773 0.366039
-0.532826 0.138773 0.381523
-0.570347 0.138773 0.333872
-0.566175 0.138773 0.420242
-0.532826 0.138773 0.457169
-0.513756 0.138773 0.442874
-0.514946 0.138773 0.416070
-0.441680 0.138773 0.315397
-0.382114 0.138773 0.258814
-0.275492 0.138773 0.204618
-0.221288 0.138773 0.315397
-0.131340 0.138773 0.423820
-0.123003 0.138773 0.535797
-0.123598 0.138773 0.565584
-0.071179 0.138773 0.579878
-0.045557 0.138773 0.619787
-0.002673 0.138773 0.637659
0.043201 0.138773 0.618011
0.062850 0.138773 0.578093
0.119442 0.138773 0.565584
0.121813 0.138773 0.535797
0.134926 0.138773 0.427390
0.220106 0.138773 0.313025
0.275508 0.138773 0.207585
0.386303 0.138773 0.261796
0.441101 0.138773 0.318380
0.516160 0.138773 0.423820
0.514962 0.138773 0.452401
0.536412 0.138773 0.461341
0.567381 0.138773 0.427390
0.572743 0.138773 0.342804
0.535214 0.138773 0.387489
0.496503 0.138773 0.371996
0.461948 0.138773 0.290980
0.551888 0.138773 0.152191
0.633507 0.138773 -0.015195
0.606108 0.138773 -0.329112
0.489950 0.138773 -0.542365
0.277888 0.138773 -0.658506
0.007449 0.138773 -0.746083
0.003284 0.072872 -0.725228
-0.274302 0.072872 -0.618613
-0.498272 0.072872 -0.502456
-0.587022 0.072872 -0.331500
-0.608463 0.072872 -0.009832
-0.527456 0.072872 0.162321
-0.441680 0.072872 0.285015
-0.461924 0.072872 0.357107
-0.541750 0.072872 0.391653
-0.576297 0.072872 0.318380
-0.582849 0.072872 0.423820
-0.553078 0.072872 0.455979
-0.508385 0.072872 0.440486
-0.506014 0.072872 0.413690
-0.389856 0.072872 0.357107
-0.279061 0.072872 0.316595
-0.142660 0.072872 0.430356
-0.108106 0.072872 0.539366
-0.111683 0.072872 0.593578
-0.059257 0.072872 0.629917
-0.025908 0.072872 0.682336
0.019958 0.072872 0.682336
0.051530 0.072872 0.631107
0.107527 0.072872 0.593578
0.108130 0.072872 0.539366
0.138504 0.072872 0.432752
0.273715 0.072872 0.318380
0.383320 0.072872 0.351728
0.505435 0.072872 0.421432
0.505435 0.072872 0.445849
0.548327 0.072872 0.462531
0.580493 0.072872 0.432752
0.577511 0.072872 0.323147
0.535214 0.072872 0.398206
0.464328 0.072872 0.363048
0.441101 0.072872 0.288601
0.528669 0.072872 0.167684
0.606108 0.072872 -0.008643
0.585245 0.072872 -0.330302
0.495313 0.072872 -0.505431
0.276698 0.072872 -0.616226
0.003284 0.072872 -0.725228
0.009836 0.006954 -0.706174
-0.271319 0.006954 -0.617407
-0.472054 0.006954 -0.507802
-0.572735 0.006954 -0.313628
-0.579279 0.006954 -0.022945
-0.454198 0.006954 0.206387
-0.419635 0.006954 0.315397
-0.442878 0.006954 0.370806
-0.486365 0.006954 0.389265
-0.553673 0.006954 0.358289
-0.612628 0.006954 0.198653
-0.607274 0.006954 0.037819
-0.553673 0.006954 0.012815
-0.581659 0.006954 -0.127172
-0.643621 0.006954 -0.077141
-0.690082 0.006954 0.122412
-0.598341 0.006954 0.373773
-0.518532 0.006954 0.467894
-0.466097 0.006954 0.457169
-0.465518 0.006954 0.425002
-0.362457 0.006954 0.386283
-0.289191 0.006954 0.407138
-0.223668 0.006954 0.493500
-0.220082 0.006954 0.535797
-0.103338 0.006954 0.613243
-0.068197 0.006954 0.684121
-0.005648 0.006954 0.744282
0.060470 0.006954 0.678758
0.089663 0.006954 0.619192
0.217132 0.006954 0.535797
0.220106 0.006954 0.498284
0.290397 0.006954 0.408336
0.354144 0.006954 0.394025
0.461948 0.006954 0.427993
0.461948 0.006954 0.458366
0.519729 0.006954 0.469083
0.597168 0.006954 0.376161
0.687108 0.006954 0.136699
0.634689 0.006954 -0.075943
0.579295 0.006954 -0.127172
0.560828 0.006954 0.022334
0.607298 0.006954 0.047941
0.604910 0.006954 0.206387
0.551888 0.006954 0.366039
0.482200 0.006954 0.395223
0.437532 0.006954 0.374971
0.414289 0.006954 0.317182
0.445274 0.006954 0.206387
0.580493 0.006954 -0.018170
0.570355 0.006954 -0.308266
0.477441 0.006954 -0.505431
0.267766 0.006954 -0.616226
0.009836 0.006954 -0.706174
0.005061 -0.036990 -0.697233
-0.266552 -0.036990 -0.588826
-0.457760 -0.036990 -0.479221
-0.549500 -0.036990 -0.333880
-0.550682 -0.036990 -0.005065
-0.429757 -0.036990 0.217707
-0.392236 -0.036990 0.327312
-0.426188 -0.036990 0.382721
-0.489934 -0.036990 0.440486
-0.556045 -0.036990 0.376161
-0.634673 -0.036990 0.211154
-0.618007 -0.036990 0.014592
-0.683522 -0.036990 0.208783
-0.672805 -0.036990 0.271926
-0.577495 -0.036990 0.436322
-0.467286 -0.036990 0.547117
-0.218306 -0.036990 0.593578
-0.095596 -0.036990 0.653152
-0.085466 -0.036990 0.719865
-0.025908 -0.036990 0.766335
0.031865 -0.036990 0.765129
0.080723 -0.036990 0.709735
0.101569 -0.036990 0.654334
0.226659 -0.036990 0.587628
0.467311 -0.036990 0.543539
0.582873 -0.036990 0.431562
0.678175 -0.036990 0.266556
0.690082 -0.036990 0.205197
0.618023 -0.036990 0.012815
0.633507 -0.036990 0.208782
0.562613 -0.036990 0.378540
0.496503 -0.036990 0.431562
0.433367 -0.036990 0.379722
0.402382 -0.036990 0.321949
0.433367 -0.036990 0.208783
0.557251 -0.036990 -0.010428
0.557250 -0.036990 -0.333880
0.457783 -0.036990 -0.479221
0.258825 -0.036990 -0.594189
0.005061 -0.036990 -0.697233
0.003284 -0.080927 -0.657333
-0.220082 -0.080927 -0.570946
-0.441680 -0.080927 -0.455987
-0.527456 -0.080927 -0.345779
-0.538180 -0.080927 -0.018170
-0.387477 -0.080927 0.270728
-0.388674 -0.080927 0.376161
-0.467286 -0.080927 0.457169
-0.545320 -0.080927 0.425002
-0.666840 -0.080927 0.208783
-0.618007 -0.080927 0.411905
-0.489934 -0.080927 0.515553
-0.330290 -0.080927 0.557850
-0.182553 -0.080927 0.583456
-0.106916 -0.080927 0.662084
-0.078914 -0.080927 0.697820
-0.051514 -0.080927 0.710925
-0.059257 -0.080927 0.461341
-0.000285 -0.080927 0.431562
0.052728 -0.080927 0.463721
0.038434 -0.080927 0.706753
0.062850 -0.080927 0.686509
0.107527 -0.080927 0.662084
0.169473 -0.080927 0.583456
0.322564 -0.080927 0.562609
0.483985 -0.080927 0.519122
0.613842 -0.080927 0.408336
0.665071 -0.080927 0.211154
0.536412 -0.080927 0.430356
0.465518 -0.080927 0.459556
0.386303 -0.080927 0.385093
0.383320 -0.080927 0.266556
0.527464 -0.080927 -0.015195
0.527463 -0.080927 -0.341622
0.445274 -0.080927 -0.454797
0.222494 -0.080927 -0.569764
0.003284 -0.080927 -0.657333
0.003284 -0.124864 -0.601923
-0.212348 -0.124864 -0.538787
-0.423221 -0.124864 -0.421448
-0.504221 -0.124864 -0.319593
-0.500651 -0.124864 -0.014013
-0.387477 -0.124864 0.211154
-0.365432 -0.124864 0.320759
-0.391054 -0.124864 0.426192
-0.458354 -0.124864 0.484568
-0.545915 -0.124864 0.426192
-0.615024 -0.124864 0.283246
-0.585840 -0.124864 0.416070
-0.499453 -0.124864 0.522700
-0.338627 -0.124864 0.533417
-0.221288 -0.124864 0.534615
-0.145040 -0.124864 0.572144
-0.094406 -0.124864 0.662084
-0.059257 -0.124864 0.401775
-0.004466 -0.124864 0.377359
0.057496 -0.124864 0.400577
0.084879 -0.124864 0.656722
0.129564 -0.124864 0.573326
0.220106 -0.124864 0.531632
0.330298 -0.124864 0.532227
0.489950 -0.124864 0.517933
0.577511 -0.124864 0.423820
0.608487 -0.124864 0.284420
0.528669 -0.124864 0.430356
0.444084 -0.124864 0.493500
0.384510 -0.124864 0.433942
0.363060 -0.124864 0.324345
0.384510 -0.124864 0.212352
0.496503 -0.124864 -0.010428
0.491727 -0.124864 -0.318396
0.424419 -0.124864 -0.417871
0.203432 -0.124864 -0.542365
0.003284 -0.124864 -0.601923
0.003879 -0.190798 -0.546530
-0.160524 -0.190798 -0.488756
-0.332075 -0.190798 -0.408930
-0.441680 -0.190798 -0.302911
-0.441680 -0.190798 -0.018170
-0.332075 -0.190798 0.194488
-0.329100 -0.190798 0.316595
-0.389856 -0.190798 0.423820
-0.426188 -0.190798 0.458367
-0.497668 -0.190798 0.435124
-0.541750 -0.190798 0.356504
-0.525068 -0.190798 0.451806
-0.419635 -0.190798 0.492310
-0.276674 -0.190798 0.484568
-0.193889 -0.190798 0.467894
-0.133728 -0.190798 0.510190
-0.103338 -0.190798 0.592388
-0.054497 -0.190798 0.338632
0.003284 -0.190798 0.311835
0.056298 -0.190798 0.339829
0.105139 -0.190798 0.587628
0.143858 -0.190798 0.511372
0.196888 -0.190798 0.462531
0.290992 -0.190798 0.482791
0.425601 -0.190798 0.497086
0.527464 -0.190798 0.451806
0.539378 -0.190798 0.355314
0.508410 -0.190798 0.442874
0.419651 -0.190798 0.461341
0.389872 -0.190798 0.425002
0.330893 -0.190798 0.315397
0.341023 -0.190798 0.202222
0.451818 -0.190798 -0.014013
0.451818 -0.190798 -0.290401
0.336859 -0.190798 -0.408930
0.165895 -0.190798 -0.497680
0.003879 -0.190798 -0.546530
0.003284 -0.256691 -0.349364
-0.177199 -0.256691 -0.298136
-0.275492 -0.256691 -0.230835
-0.335661 -0.256691 -0.121825
-0.338627 -0.256691 -0.012807
-0.223668 -0.256691 0.212352
-0.290381 -0.256691 0.374971
-0.338033 -0.256691 0.430356
-0.388674 -0.256691 0.461341
-0.402358 -0.256691 0.486956
-0.374380 -0.256691 0.506010
-0.332075 -0.256691 0.517933
-0.220082 -0.256691 0.485766
-0.149204 -0.256691 0.523890
-0.114055 -0.256691 0.584646
-0.068197 -0.256691 0.363048
-0.005648 -0.256691 0.316595
0.060470 -0.256691 0.356504
0.109312 -0.256691 0.587628
0.149229 -0.256691 0.523890
0.218322 -0.256691 0.485766
0.330893 -0.256691 0.514950
0.377958 -0.256691 0.502448
0.401192 -0.256691 0.476834
0.387493 -0.256691 0.461341
0.326729 -0.256691 0.431562
0.270145 -0.256691 0.377359
0.223684 -0.256691 0.206387
0.330893 -0.256691 -0.015195
0.330893 -0.256691 -0.129560
0.277888 -0.256691 -0.230835
0.165895 -0.256691 -0.291583
0.003284 -0.256691 -0.349364
-0.001483 -0.322608 0.101557
-0.115856 -0.322608 0.123594
-0.224858 -0.322608 0.216517
-0.289191 -0.322608 0.387489
-0.332075 -0.322608 0.436322
-0.361259 -0.322608 0.466101
-0.324333 -0.322608 0.494698
-0.288002 -0.322608 0.495888
-0.224858 -0.322608 0.471471
-0.140264 -0.322608 0.525667
-0.095596 -0.322608 0.604311
-0.073559 -0.322608 0.328510
-0.002673 -0.322608 0.270728
0.058694 -0.322608 0.326122
0.083102 -0.322608 0.602518
0.133736 -0.322608 0.522700
0.218917 -0.322608 0.464919
0.290397 -0.322608 0.499465
0.327927 -0.322608 0.498284
0.360093 -0.322608 0.470281
0.314814 -0.322608 0.438107
0.271343 -0.322608 0.379722
0.218322 -0.322608 0.207585
0.114079 -0.322608 0.125379
-0.001483 -0.322608 0.101557
-0.001483 -0.388517 0.193298
-0.094406 -0.388517 0.194488
-0.133728 -0.388517 0.170055
-0.172439 -0.388517 0.170055
-0.204606 -0.388517 0.211154
-0.285622 -0.388517 0.373773
-0.332075 -0.388517 0.435124
-0.338033 -0.388517 0.464919
-0.281441 -0.388517 0.490533
-0.196864 -0.388517 0.502448
-0.155162 -0.388517 0.571541
-0.096786 -0.388517 0.603708
-0.042582 -0.388517 0.620977
-0.005648 -0.388517 0.660886
0.034261 -0.388517 0.626935
0.093819 -0.388517 0.604311
0.148031 -0.388517 0.563799
0.183767 -0.388517 0.506010
0.220106 -0.388517 0.459556
0.279086 -0.388517 0.493500
0.323159 -0.388517 0.469083
0.322564 -0.388517 0.430356
0.264783 -0.388517 0.371996
0.191517 -0.388517 0.208783
0.162928 -0.388517 0.180185
0.125986 -0.388517 0.170055
0.084879 -0.388517 0.194488
-0.001483 -0.388517 0.193298
-0.001483 -0.454419 0.490533
-0.055695 -0.454419 0.483973
-0.148015 -0.454419 0.426192
-0.161722 -0.454419 0.321949
-0.167085 -0.454419 0.211154
-0.235583 -0.454419 0.206387
-0.265957 -0.454419 0.268936
-0.275492 -0.454419 0.370806
-0.286804 -0.454419 0.430356
-0.266552 -0.454419 0.464919
-0.226056 -0.454419 0.490533
-0.177199 -0.454419 0.495888
-0.158145 -0.454419 0.539969
-0.114055 -0.454419 0.570351
-0.059257 -0.454419 0.576896
-0.001483 -0.454419 0.626935
0.051530 -0.454419 0.579878
0.107527 -0.454419 0.570351
0.140288 -0.454419 0.543539
0.173653 -0.454419 0.495888
0.218917 -0.454419 0.491723
0.255851 -0.454419 0.469083
0.285630 -0.454419 0.429182
0.275508 -0.454419 0.373773
0.261205 -0.454419 0.258813
0.231418 -0.454419 0.211154
0.174835 -0.454419 0.211154
0.158169 -0.454419 0.321949
0.124788 -0.454419 0.432752
0.051530 -0.454419 0.484568
-0.001483 -0.454419 0.490533
0.000904 -0.520337 0.578093
-0.055695 -0.520337 0.559031
-0.155765 -0.520337 0.493500
-0.183759 -0.520337 0.382721
-0.192691 -0.520337 0.244519
-0.257033 -0.520337 0.243321
-0.274302 -0.520337 0.278479
-0.265957 -0.520337 0.333872
-0.283234 -0.520337 0.391653
-0.275492 -0.520337 0.452401
-0.241532 -0.520337 0.500060
-0.178397 -0.520337 0.536995
-0.148015 -0.520337 0.594768
-0.086664 -0.520337 0.607873
-0.062247 -0.520337 0.645410
-0.002673 -0.520337 0.666844
0.056298 -0.520337 0.643022
0.084879 -0.520337 0.607873
0.150410 -0.520337 0.594768
0.191517 -0.520337 0.531632
0.232616 -0.520337 0.502448
0.272525 -0.520337 0.449434
0.272525 -0.520337 0.385093
0.248101 -0.520337 0.329699
0.260015 -0.520337 0.279668
0.240366 -0.520337 0.242131
0.177215 -0.520337 0.244519
0.171257 -0.520337 0.381523
0.128374 -0.520337 0.493500
0.056298 -0.520337 0.552479
0.000904 -0.520337 0.578093
-0.005648 -0.586246 0.601328
-0.119425 -0.586246 0.555462
-0.177199 -0.586246 0.497086
-0.200433 -0.586246 0.382721
-0.191501 -0.586246 0.242131
-0.240342 -0.586246 0.240949
-0.263569 -0.586246 0.279668
-0.246887 -0.586246 0.329699
-0.262387 -0.586246 0.391653
-0.237955 -0.586246 0.439304
-0.234980 -0.586246 0.503630
-0.184957 -0.586246 0.552479
-0.176017 -0.586246 0.600138
-0.112865 -0.586246 0.619192
-0.073559 -0.586246 0.648979
-0.009217 -0.586246 0.662084
0.051530 -0.586246 0.650177
0.105139 -0.586246 0.624555
0.155773 -0.586246 0.607873
0.174835 -0.586246 0.551289
0.217132 -0.586246 0.509000
0.229047 -0.586246 0.442874
0.257033 -0.586246 0.389265
0.242738 -0.586246 0.326122
0.257033 -0.586246 0.280850
0.240366 -0.586246 0.239751
0.187337 -0.586246 0.239751
0.191517 -0.586246 0.383895
0.169473 -0.586246 0.499465
0.100379 -0.586246 0.553677
-0.005648 -0.586246 0.601328
-0.003871 -0.652163 0.620977
-0.121805 -0.652163 0.575706
-0.178991 -0.652163 0.514950
-0.208176 -0.652163 0.426192
-0.210555 -0.652163 0.264168
-0.226056 -0.652163 0.264168
-0.243325 -0.652163 0.284420
-0.229022 -0.652163 0.338632
-0.239152 -0.652163 0.401775
-0.217124 -0.652163 0.449434
-0.217124 -0.652163 0.506010
-0.170654 -0.652163 0.548901
-0.146238 -0.652163 0.604311
-0.103338 -0.652163 0.610260
-0.065817 -0.652163 0.645410
-0.009217 -0.652163 0.648979
0.035451 -0.652163 0.646592
0.077145 -0.652163 0.615623
0.142668 -0.652163 0.604311
0.173653 -0.652163 0.551289
0.214736 -0.652163 0.512570
0.215934 -0.652163 0.449434
0.246903 -0.652163 0.386283
0.232616 -0.652163 0.336244
0.243333 -0.652163 0.295145
0.234996 -0.652163 0.262986
0.211166 -0.652163 0.255244
0.201647 -0.652163 0.432752
0.172455 -0.652163 0.516735
0.111699 -0.652163 0.579283
-0.003871 -0.652163 0.620977
-0.417617 -0.142013 -0.053560
-0.421846 -0.153494 -0.117781
-0.472609 -0.153494 -0.080156
-0.451987 -0.153494 -0.042538
-0.422385 -0.153494 -0.032810
-0.361573 -0.153494 -0.062002
-0.360520 -0.153494 -0.098968
-0.421846 -0.153494 -0.117781
-0.448281 -0.182187 -0.135935
-0.497459 -0.182187 -0.095077
-0.498513 -0.182187 -0.059405
-0.427659 -0.182187 -0.032810
-0.390122 -0.182187 -0.064591
-0.356821 -0.182187 -0.060691
-0.379558 -0.182187 -0.111945
-0.448281 -0.182187 -0.135935
-0.430312 -0.210889 -0.116487
-0.466788 -0.210889 -0.085357
-0.427659 -0.210889 -0.038004
-0.418687 -0.210889 -0.065234
-0.400171 -0.210889 -0.084047
-0.430312 -0.210889 -0.116487
-0.426614 -0.268284 -0.115828
-0.465743 -0.268284 -0.070427
-0.430312 -0.268284 -0.052266
-0.399118 -0.268284 0.006761
-0.393828 -0.268284 -0.043840
-0.363695 -0.268284 -0.074970
-0.390122 -0.268284 -0.106108
-0.426614 -0.268284 -0.115828
-0.416564 -0.325672 -0.100914
-0.464143 -0.325672 -0.064591
-0.433488 -0.325672 -0.028268
-0.396996 -0.325672 0.006761
-0.372161 -0.325672 0.059936
-0.379558 -0.325672 -0.070428
-0.416564 -0.325672 -0.100914
-0.416564 -0.325672 -0.100914
-0.464143 -0.325672 -0.064591
-0.433488 -0.325672 -0.028268
-0.396996 -0.325672 0.006761
-0.388007 -0.325672 0.102104
-0.409690 -0.325672 0.209780
-0.390122 -0.325672 0.259079
-0.367393 -0.325672 0.195509
-0.379558 -0.325672 -0.070428
-0.416564 -0.325672 -0.100914
-0.404931 -0.383051 -0.070427
-0.414450 -0.383051 -0.043840
-0.373206 -0.383051 0.087842
-0.369508 -0.383051 0.232492
-0.324035 -0.383051 0.153992
-0.351001 -0.383051 0.087842
-0.373206 -0.383051 -0.052266
-0.404931 -0.383051 -0.070427
-0.402816 -0.497849 -0.082101
-0.414450 -0.497849 -0.049677
-0.379557 -0.497849 0.037248
-0.346772 -0.497849 0.177991
-0.298654 -0.497849 0.092376
-0.329848 -0.497849 0.054099
-0.357882 -0.497849 0.035946
-0.379558 -0.497849 -0.064591
-0.402816 -0.497849 -0.082101
-0.418687 -0.612616 -0.111945
-0.426614 -0.612616 -0.081442
-0.382195 -0.612616 0.033349
-0.353638 -0.612616 0.172162
-0.282792 -0.612616 0.105995
-0.343081 -0.612616 0.068370
-0.362634 -0.612616 0.022326
-0.396996 -0.612616 -0.090535
-0.418687 -0.612616 -0.111945
-0.414450 -0.698697 -0.091178
-0.428720 -0.698697 -0.060691
-0.404931 -0.698697 -0.011400
-0.374259 -0.698697 0.224042
-0.322444 -0.698697 0.203943
-0.304467 -0.698697 0.144272
-0.380088 -0.698697 0.032054
-0.393828 -0.698697 -0.070427
-0.414450 -0.698697 -0.091178
-0.414450 -0.698697 -0.091178
-0.428720 -0.698697 -0.060691
-0.404931 -0.698697 -0.011400
-0.374259 -0.698697 0.224042
-0.262178 -0.698697 0.434207
-0.189218 -0.698697 0.501660
-0.132112 -0.698697 0.574307
-0.081358 -0.698697 0.584035
-0.061258 -0.698697 0.613878
-0.008389 -0.698697 0.632032
-0.008389 -0.698697 0.569121
-0.082933 -0.698697 0.534092
-0.178630 -0.698697 0.421882
-0.280677 -0.698697 0.271396
-0.322444 -0.698697 0.203943
-0.304467 -0.698697 0.144272
-0.380088 -0.698697 0.032054
-0.393828 -0.698697 -0.070427
-0.414450 -0.698697 -0.091178
-0.425545 -0.727398 -0.086644
-0.437186 -0.727398 -0.048375
-0.398057 -0.727398 0.102104
-0.366340 -0.727398 0.292797
-0.256365 -0.727398 0.438742
-0.200313 -0.727398 0.515279
-0.116772 -0.727398 0.591166
-0.000993 -0.727398 0.622296
-0.000993 -0.727398 0.546409
-0.089815 -0.727398 0.528256
-0.195553 -0.727398 0.403721
-0.248430 -0.727398 0.299937
-0.369508 -0.727398 0.097562
-0.411813 -0.727398 -0.036701
-0.405992 -0.727398 -0.056808
-0.425545 -0.727398 -0.086644
-0.432426 -0.784793 -0.029562
-0.436117 -0.784793 0.020381
-0.402816 -0.784793 0.092376
-0.349947 -0.784793 0.336268
-0.214061 -0.784793 0.486095
-0.114666 -0.784793 0.563276
-0.006267 -0.784793 0.587275
-0.004683 -0.784793 0.533433
-0.094044 -0.784793 0.521116
-0.210893 -0.784793 0.408914
-0.270113 -0.784793 0.270101
-0.351001 -0.784793 0.184479
-0.405992 -0.784793 0.010645
-0.432426 -0.784793 -0.029562
-0.396996 -0.842181 0.108592
-0.408629 -0.842181 0.157891
-0.349947 -0.842181 0.325229
-0.261117 -0.842181 0.462089
-0.147974 -0.842181 0.536689
-0.008389 -0.842181 0.564579
-0.004683 -0.842181 0.504249
-0.068132 -0.842181 0.502955
-0.158024 -0.842181 0.458198
-0.216714 -0.842181 0.369978
-0.266407 -0.842181 0.334957
-0.338845 -0.842181 0.209780
-0.357882 -0.842181 0.144272
-0.396996 -0.842181 0.108592
-0.357882 -0.899568 0.220802
-0.375321 -0.899568 0.238964
-0.352592 -0.899568 0.333020
-0.256365 -0.899568 0.471825
-0.128414 -0.899568 0.550308
-0.002046 -0.899568 0.574307
-0.002046 -0.899568 0.498420
-0.058613 -0.899568 0.513985
-0.156955 -0.899568 0.470523
-0.204011 -0.899568 0.386202
-0.285976 -0.899568 0.331717
-0.327219 -0.899568 0.236367
-0.357882 -0.899568 0.220802
-0.315578 -0.956964 0.327818
-0.316108 -0.956964 0.365444
-0.244732 -0.956964 0.480250
-0.114666 -0.956964 0.550960
-0.004169 -0.956964 0.569121
-0.003107 -0.956964 0.501660
-0.032179 -0.956964 0.526953
-0.138463 -0.956964 0.493227
-0.216175 -0.956964 0.446532
-0.284914 -0.956964 0.351173
-0.315578 -0.956964 0.327818
-0.239442 -0.985649 0.419945
-0.236805 -0.985649 0.462089
-0.186573 -0.985649 0.515279
-0.122601 -0.985649 0.553548
-0.004169 -0.985649 0.569121
-0.004683 -0.985649 0.530852
-0.100910 -0.985649 0.522419
-0.202966 -0.985649 0.446532
-0.239442 -0.985649 0.419945
-0.181283 -1.000000 0.490630
-0.109906 -1.000000 0.536689
-0.181283 -1.000000 0.490630
-0.431373 -0.196538 0.233770
-0.428720 -0.210889 0.215616
-0.436117 -0.210889 0.235072
-0.430312 -0.210889 0.251932
-0.421846 -0.210889 0.229879
-0.428720 -0.210889 0.215616
-0.404931 -0.268284 0.176053
-0.414450 -0.268284 0.233770
-0.404931 -0.268284 0.268807
-0.393297 -0.268284 0.209780
-0.404931 -0.268284 0.176053
-0.388007 -0.325672 0.102104
-0.409690 -0.325672 0.209780
-0.390122 -0.325672 0.259079
-0.367393 -0.325672 0.195509
-0.388007 -0.325672 0.102104
0.408267 -0.142013 -0.053560
0.412496 -0.153494 -0.117781
0.463259 -0.153494 -0.080156
0.442645 -0.153494 -0.042538
0.413027 -0.153494 -0.032810
0.352223 -0.153494 -0.062002
0.351161 -0.153494 -0.098968
0.412496 -0.153494 -0.117781
0.438930 -0.182187 -0.135935
0.488109 -0.182187 -0.095077
0.489170 -0.182187 -0.059405
0.418317 -0.182187 -0.032810
0.380771 -0.182187 -0.064591
0.347471 -0.182187 -0.060692
0.370199 -0.182187 -0.111945
0.438930 -0.182187 -0.135935
0.420962 -0.210889 -0.116487
0.457446 -0.210889 -0.085357
0.418317 -0.210889 -0.038004
0.409328 -0.210889 -0.065234
0.390829 -0.210889 -0.084047
0.420962 -0.210889 -0.116487
0.417264 -0.268284 -0.115828
0.456385 -0.268284 -0.070428
0.420962 -0.268284 -0.052266
0.389768 -0.268284 0.006761
0.384470 -0.268284 -0.043840
0.354337 -0.268284 -0.074970
0.380771 -0.268284 -0.106108
0.417264 -0.268284 -0.115828
0.407222 -0.325672 -0.100914
0.454793 -0.325672 -0.064591
0.424129 -0.325672 -0.028268
0.387653 -0.325672 0.006761
0.362795 -0.325672 0.059936
0.370199 -0.325672 -0.070428
0.407222 -0.325672 -0.100914
0.407222 -0.325672 -0.100914
0.454793 -0.325672 -0.064591
0.424129 -0.325672 -0.028268
0.387653 -0.325672 0.006761
0.378665 -0.325672 0.102104
0.400332 -0.325672 0.209779
0.380771 -0.325672 0.259079
0.358035 -0.325672 0.195509
0.370199 -0.325672 -0.070428
0.407222 -0.325672 -0.100914
0.395589 -0.383051 -0.070428
0.405100 -0.383051 -0.043840
0.363864 -0.383051 0.087842
0.360158 -0.383051 0.232492
0.314685 -0.383051 0.153992
0.341642 -0.383051 0.087842
0.363864 -0.383051 -0.052266
0.395589 -0.383051 -0.070428
0.393466 -0.497849 -0.082101
0.405100 -0.497849 -0.049677
0.370199 -0.497849 0.037248
0.337421 -0.497849 0.177991
0.289312 -0.497849 0.092376
0.320506 -0.497849 0.054099
0.348524 -0.497849 0.035945
0.370199 -0.497849 -0.064591
0.393466 -0.497849 -0.082101
0.409328 -0.612616 -0.111945
0.417264 -0.612616 -0.081442
0.372844 -0.612616 0.033349
0.344303 -0.612616 0.172162
0.273450 -0.612616 0.105995
0.333715 -0.612616 0.068370
0.353276 -0.612616 0.022326
0.387653 -0.612616 -0.090535
0.409328 -0.612616 -0.111945
0.405100 -0.698697 -0.091178
0.419362 -0.698697 -0.060692
0.395589 -0.698697 -0.011400
0.364917 -0.698697 0.224042
0.313109 -0.698697 0.203943
0.295125 -0.698697 0.144272
0.370738 -0.698697 0.032054
0.384470 -0.698697 -0.070428
0.405100 -0.698697 -0.091178
0.405100 -0.698697 -0.091178
0.419362 -0.698697 -0.060692
0.395589 -0.698697 -0.011400
0.364917 -0.698697 0.224042
0.252820 -0.698697 0.434207
0.179868 -0.698697 0.501660
0.122762 -0.698697 0.574307
0.072007 -0.698697 0.584035
0.051908 -0.698697 0.613878
-0.000961 -0.698697 0.632032
-0.000961 -0.698697 0.569121
0.073591 -0.698697 0.534092
0.169288 -0.698697 0.421882
0.271327 -0.698697 0.271396
0.313109 -0.698697 0.203943
0.295125 -0.698697 0.144272
0.370738 -0.698697 0.032054
0.384470 -0.698697 -0.070428
0.405100 -0.698697 -0.091178
0.416202 -0.727398 -0.086644
0.427820 -0.727398 -0.048375
0.388707 -0.727398 0.102104
0.356982 -0.727398 0.292797
0.247015 -0.727398 0.438742
0.190971 -0.727398 0.515279
0.107422 -0.727398 0.591166
-0.008357 -0.727398 0.622296
-0.008357 -0.727398 0.546409
0.080465 -0.727398 0.528256
0.186203 -0.727398 0.403721
0.239080 -0.727398 0.299936
0.360158 -0.727398 0.097562
0.402454 -0.727398 -0.036701
0.396634 -0.727398 -0.056808
0.416202 -0.727398 -0.086644
0.423068 -0.784793 -0.029562
0.426775 -0.784793 0.020381
0.393466 -0.784793 0.092376
0.340597 -0.784793 0.336268
0.204718 -0.784793 0.486095
0.105316 -0.784793 0.563276
-0.003075 -0.784793 0.587275
-0.004651 -0.784793 0.533433
0.084702 -0.784793 0.521116
0.201535 -0.784793 0.408914
0.260755 -0.784793 0.270101
0.341642 -0.784793 0.184479
0.396634 -0.784793 0.010645
0.423068 -0.784793 -0.029562
0.387653 -0.842181 0.108592
0.399287 -0.842181 0.157891
0.340597 -0.842181 0.325229
0.251767 -0.842181 0.462089
0.138616 -0.842181 0.536689
-0.000961 -0.842181 0.564579
-0.004651 -0.842181 0.504249
0.058790 -0.842181 0.502955
0.148674 -0.842181 0.458198
0.207364 -0.842181 0.369978
0.257057 -0.842181 0.334957
0.329502 -0.842181 0.209779
0.348524 -0.842181 0.144272
0.387653 -0.842181 0.108592
0.348524 -0.899568 0.220802
0.365962 -0.899568 0.238964
0.343242 -0.899568 0.333020
0.247015 -0.899568 0.471825
0.119064 -0.899568 0.550308
-0.007312 -0.899568 0.574307
-0.007312 -0.899568 0.498420
0.049279 -0.899568 0.513985
0.147613 -0.899568 0.470523
0.194669 -0.899568 0.386202
0.276617 -0.899568 0.331717
0.317853 -0.899568 0.236367
0.348524 -0.899568 0.220802
0.306228 -0.956964 0.327818
0.306750 -0.956964 0.365444
0.235382 -0.956964 0.480250
0.105316 -0.956964 0.550960
-0.005190 -0.956964 0.569121
-0.006251 -0.956964 0.501660
0.022829 -0.956964 0.526953
0.129105 -0.956964 0.493227
0.206825 -0.956964 0.446532
0.275556 -0.956964 0.351173
0.306228 -0.956964 0.327818
0.230092 -0.985649 0.419945
0.227447 -0.985649 0.462089
0.177215 -0.985649 0.515279
0.113243 -0.985649 0.553548
-0.005190 -0.985649 0.569121
-0.004651 -0.985649 0.530852
0.091568 -0.985649 0.522419
0.193608 -0.985649 0.446532
0.230092 -0.985649 0.419945
0.171933 -1.000000 0.490630
0.100548 -1.000000 0.536689
0.171933 -1.000000 0.490630
0.422023 -0.196538 0.233770
0.419362 -0.210889 0.215616
0.426775 -0.210889 0.235072
0.420962 -0.210889 0.251932
0.412496 -0.210889 0.229879
0.419362 -0.210889 0.215616
0.395589 -0.268284 0.176053
0.405100 -0.268284 0.233770
0.395589 -0.268284 0.268807
0.383939 -0.268284 0.209779
0.395589 -0.268284 0.176053
0.378665 -0.325672 0.102104
0.400332 -0.325672 0.209779
0.380771 -0.325672 0.259079
0.358035 -0.325672 0.195509
0.378665 -0.325672 0.102104
0.002102 1.000000 -0.018170
0.003284 0.995602 -0.129559
-0.107511 0.995602 -0.017575
0.003284 0.995602 0.093220
0.109312 0.995602 -0.017575
0.003284 0.995602 -0.129559
0.002102 0.929701 -0.311835
-0.160524 0.929701 -0.184374
-0.271319 0.929701 -0.016377
-0.162920 0.929701 0.152191
0.000904 0.929701 0.260606
0.170670 0.929701 0.152191
0.277888 0.929701 -0.012807
0.169472 0.929701 -0.181986
0.002102 0.929701 -0.311835
0.003284 0.797891 -0.522105
-0.163507 0.797891 -0.462547
-0.329100 0.797891 -0.349364
-0.447638 0.797891 -0.015195
-0.329100 0.797891 0.262986
-0.163507 0.797891 0.421432
-0.001483 0.797891 0.464919
0.165895 0.797891 0.423820
0.334479 0.797891 0.259995
0.447654 0.797891 -0.016377
0.333289 0.797891 -0.350562
0.167093 0.797891 -0.465514
0.003284 0.797891 -0.522105
0.003284 0.666056 -0.638857
-0.217124 0.666056 -0.578704
-0.394029 0.666056 -0.469099
-0.561415 0.666056 -0.021747
-0.441680 0.666056 0.315397
-0.284424 0.666056 0.478023
-0.001483 0.666056 0.547117
0.266568 0.666056 0.476834
0.439903 0.666056 0.316595
0.562613 0.666056 -0.015195
0.392252 0.666056 -0.463737
0.223684 0.666056 -0.575714
0.003284 0.666056 -0.638857
0.003879 0.534237 -0.691871
-0.282631 0.534237 -0.632900
-0.507212 0.534237 -0.464332
-0.613834 0.534237 -0.019367
-0.503031 0.534237 0.369608
-0.330893 0.534237 0.538176
0.000904 0.534237 0.588810
0.330298 0.534237 0.536995
0.496503 0.534237 0.370806
0.616230 0.534237 -0.018170
0.497684 0.534237 -0.467902
0.277888 0.534237 -0.629925
0.003879 0.534237 -0.691871
0.003879 0.402418 -0.740720
-0.280251 0.402418 -0.693061
-0.507212 0.402418 -0.579894
-0.665650 0.402418 -0.021747
-0.505419 0.402418 0.480403
-0.342197 0.402418 0.596561
-0.001483 0.402418 0.620977
0.330893 0.402418 0.593578
0.497685 0.402418 0.478023
0.651371 0.402418 -0.018170
0.495313 0.402418 -0.579894
0.277888 0.402418 -0.694267
0.003879 0.402418 -0.740720
-0.000286 0.336501 -0.751445
-0.285622 0.336501 -0.676387
-0.511971 0.336501 -0.570946
-0.616214 0.336501 -0.340440
-0.673400 0.336501 -0.011617
-0.618007 0.336501 0.206387
-0.507212 0.336501 0.438107
-0.529835 0.336501 0.480403
-0.527455 0.336501 0.513760
-0.504221 0.336501 0.541159
-0.424419 0.336501 0.601328
-0.335661 0.336501 0.650177
-0.226056 0.336501 0.669826
-0.115856 0.336501 0.685319
-0.008028 0.336501 0.663266
0.106329 0.336501 0.685319
0.213562 0.336501 0.669826
0.323159 0.336501 0.650177
0.400002 0.336501 0.610260
0.491727 0.336501 0.539366
0.517350 0.336501 0.514950
0.517350 0.336501 0.485766
0.489950 0.336501 0.436322
0.602522 0.336501 0.208782
0.665666 0.336501 -0.011617
0.609677 0.336501 -0.341622
0.495313 0.336501 -0.569764
0.280275 0.336501 -0.679369
-0.000286 0.336501 -0.751445
0.003284 0.270583 -0.766335
-0.272517 0.270583 -0.677585
-0.496487 0.270583 -0.568574
-0.603704 0.270583 -0.344597
-0.659105 0.270583 -0.015195
-0.594772 0.270583 0.203420
-0.496487 0.270583 0.348167
-0.482787 0.270583 0.426192
-0.506014 0.270583 0.459556
-0.525068 0.270583 0.429182
-0.545915 0.270583 0.467299
-0.544146 0.270583 0.504828
-0.508385 0.270583 0.520312
-0.476227 0.270583 0.507803
-0.476227 0.270583 0.481585
-0.388674 0.270583 0.414872
-0.275492 0.270583 0.373773
-0.226056 0.270583 0.395223
-0.167085 0.270583 0.483973
-0.127176 0.270583 0.583456
-0.142660 0.270583 0.612037
-0.123598 0.270583 0.642427
-0.081293 0.270583 0.669826
-0.001483 0.270583 0.682336
0.075955 0.270583 0.667446
0.118252 0.270583 0.641229
0.134926 0.270583 0.616813
0.120639 0.270583 0.587026
0.164705 0.270583 0.485766
0.218322 0.270583 0.396413
0.270145 0.270583 0.370806
0.386303 0.270583 0.412500
0.479820 0.270583 0.476834
0.482200 0.270583 0.503630
0.517350 0.270583 0.526865
0.548327 0.270583 0.500060
0.549508 0.270583 0.464919
0.527464 0.270583 0.427993
0.505435 0.270583 0.461341
0.482200 0.270583 0.425002
0.494115 0.270583 0.350554
0.593598 0.270583 0.201024
0.660303 0.270583 -0.015195
0.609677 0.270583 -0.344002
0.492917 0.270583 -0.566774
0.280275 0.270583 -0.675189
0.003284 0.270583 -0.766335
0.006267 0.204674 -0.758584
-0.270129 0.204674 -0.675189
-0.491719 0.204674 -0.542365
-0.600729 0.204674 -0.341622
-0.648388 0.204674 -0.010427
-0.568562 0.204674 0.205197
-0.460734 0.204674 0.349356
-0.490529 0.204674 0.401775
-0.520895 0.204674 0.427390
-0.547113 0.204674 0.399396
-0.556045 0.204674 0.469083
-0.523886 0.204674 0.481585
-0.498271 0.204674 0.466101
-0.505419 0.204674 0.444667
-0.415471 0.204674 0.360676
-0.325531 0.204674 0.297533
-0.271319 0.204674 0.264168
-0.214736 0.204674 0.315397
-0.161722 0.204674 0.430356
-0.119425 0.204674 0.548901
-0.136108 0.204674 0.583456
-0.096786 0.204674 0.592388
-0.064619 0.204674 0.612037
-0.028882 0.204674 0.647789
0.037236 0.204674 0.647789
0.072980 0.204674 0.612037
0.102767 0.204674 0.593578
0.134926 0.204674 0.584646
0.121813 0.204674 0.547720
0.167093 0.204674 0.427993
0.222494 0.204674 0.320759
0.277888 0.204674 0.264168
0.338652 0.204674 0.292773
0.422039 0.204674 0.363048
0.509599 0.204674 0.449434
0.508410 0.204674 0.472661
0.535214 0.204674 0.484568
0.563811 0.204674 0.473851
0.554879 0.204674 0.405940
0.536412 0.204674 0.429182
0.500659 0.204674 0.411905
0.466121 0.204674 0.354124
0.579295 0.204674 0.211154
0.653751 0.204674 -0.014013
0.610272 0.204674 -0.339243
0.500659 0.204674 -0.537598
0.281465 0.204674 -0.672817
0.006267 0.204674 -0.758584
0.007449 0.138773 -0.746083
-0.274302 0.138773 -0.665067
-0.501849 0.138773 -0.546530
-0.610256 0.138773 -0.335070
-0.640622 0.138773 -0.015195
-0.550682 0.138773 0.145639
-0.459552 0.138773 0.288601
-0.496487 0.138773 0.366039
-0.532826 0.138773 0.381523
-0.570347 0.138773 0.333872
-0.566175 0.138773 0.420242
-0.532826 0.138773 0.457169
-0.513756 0.138773 0.442874
-0.514946 0.138773 0.416070
-0.441680 0.138773 0.315397
-0.382114 0.138773 0.258814
-0.275492 0.138773 0.204618
-0.221288 0.138773 0.315397
-0.131340 0.138773 0.423820
-0.123003 0.138773 0.535797
-0.123598 0.138773 0.565584
-0.071179 0.138773 0.579878
-0.045557 0.138773 0.619787
-0.002673 0.138773 0.637659
0.043201 0.138773 0.618011
0.062850 0.138773 0.578093
0.119442 0.138773 0.565584
0.121813 0.138773 0.535797
0.134926 0.138773 0.427390
0.220106 0.138773 0.313025
0.275508 0.138773 0.207585
0.386303 0.138773 0.261796
0.441101 0.138773 0.318380
0.516160 0.138773 0.423820
0.514962 0.138773 0.452401
0.536412 0.138773 0.461341
0.567381 0.138773 0.427390
0.572743 0.138773 0.342804
0.535214 0.138773 0.387489
0.496503 0.138773 0.371996
0.461948 0.138773 0.290980
0.551888 0.138773 0.152191
0.633507 0.138773 -0.015195
0.606108 0.138773 -0.329112
0.489950 0.138773 -0.542365
0.277888 0.138773 -0.658506
0.007449 0.138773 -0.746083
0.003284 0.072872 -0.725228
-0.274302 0.072872 -0.618613
-0.498272 0.072872 -0.502456
-0.587022 0.072872 -0.331500
-0.608463 0.072872 -0.009832
-0.527456 0.072872 0.162321
-0.441680 0.072872 0.285015
-0.461924 0.072872 0.357107
-0.541750 0.072872 0.391653
-0.576297 0.072872 0.318380
-0.582849 0.072872 0.423820
-0.553078 0.072872 0.455979
-0.508385 0.072872 0.440486
-0.506014 0.072872 0.413690
-0.389856 0.072872 0.357107
-0.279061 0.072872 0.316595
-0.142660 0.072872 0.430356
-0.108106 0.072872 0.539366
-0.111683 0.072872 0.593578
-0.059257 0.072872 0.629917
-0.025908 0.072872 0.682336
0.019958 0.072872 0.682336
0.051530 0.072872 0.631107
0.107527 0.072872 0.593578
0.108130 0.072872 0.539366
0.138504 0.072872 0.432752
0.273715 0.072872 0.318380
0.383320 0.072872 0.351728
0.505435 0.072872 0.421432
0.505435 0.072872 0.445849
0.548327 0.072872 0.462531
0.580493 0.072872 0.432752
0.577511 0.072872 0.323147
0.535214 0.072872 0.398206
0.464328 0.072872 0.363048
0.441101 0.072872 0.288601
0.528669 0.072872 0.167684
0.606108 0.072872 -0.008643
0.585245 0.072872 -0.330302
0.495313 0.072872 -0.505431
0.276698 0.072872 -0.616226
0.003284 0.072872 -0.725228
0.009836 0.006954 -0.706174
-0.271319 0.006954 -0.617407
-0.472054 0.006954 -0.507802
-0.572735 0.006954 -0.313628
-0.579279 0.006954 -0.022945
-0.454198 0.006954 0.206387
-0.419635 0.006954 0.315397
-0.442878 0.006954 0.370806
-0.486365 0.006954 0.389265
-0.553673 0.006954 0.358289
-0.612628 0.006954 0.198653
-0.607274 0.006954 0.037819
-0.553673 0.006954 0.012815
-0.581659 0.006954 -0.127172
-0.643621 0.006954 -0.077141
-0.690082 0.006954 0.122412
-0.598341 0.006954 0.373773
-0.518532 0.006954 0.467894
-0.466097 0.006954 0.457169
-0.465518 0.006954 0.425002
-0.362457 0.006954 0.386283
-0.289191 0.006954 0.407138
-0.223668 0.006954 0.493500
-0.220082 0.006954 0.535797
-0.103338 0.006954 0.613243
-0.068197 0.006954 0.684121
-0.005648 0.006954 0.744282
0.060470 0.006954 0.678758
0.089663 0.006954 0.619192
0.217132 0.006954 0.535797
0.220106 0.006954 0.498284
0.290397 0.006954 0.408336
0.354144 0.006954 0.394025
0.461948 0.006954 0.427993
0.461948 0.006954 0.458366
0.519729 0.006954 0.469083
0.597168 0.006954 0.376161
0.687108 0.006954 0.136699
0.634689 0.006954 -0.075943
0.579295 0.006954 -0.127172
0.560828 0.006954 0.022334
0.607298 0.006954 0.047941
0.604910 0.006954 0.206387
0.551888 0.006954 0.366039
0.482200 0.006954 0.395223
0.437532 0.006954 0.374971
0.414289 0.006954 0.317182
0.445274 0.006954 0.206387
0.580493 0.006954 -0.018170
0.570355 0.006954 -0.308266
0.477441 0.006954 -0.505431
0.267766 0.006954 -0.616226
0.009836 0.006954 -0.706174
0.005061 -0.036990 -0.697233
-0.266552 -0.036990 -0.588826
-0.457760 -0.036990 -0.479221
-0.549500 -0.036990 -0.333880
-0.550682 -0.036990 -0.005065
-0.429757 -0.036990 0.217707
-0.392236 -0.036990 0.327312
-0.426188 -0.036990 0.382721
-0.489934 -0.036990 0.440486
-0.556045 -0.036990 0.376161
-0.634673 -0.036990 0.211154
-0.618007 -0.036990 0.014592
-0.683522 -0.036990 0.208783
-0.672805 -0.036990 0.271926
-0.577495 -0.036990 0.436322
-0.467286 -0.036990 0.547117
-0.218306 -0.036990 0.593578
-0.095596 -0.036990 0.653152
-0.085466 -0.036990 0.719865
-0.025908 -0.036990 0.766335
0.031865 -0.036990 0.765129
0.080723 -0.036990 0.709735
0.101569 -0.036990 0.654334
0.226659 -0.036990 0.587628
0.467311 -0.036990 0.543539
0.582873 -0.036990 0.431562
0.678175 -0.036990 0.266556
0.690082 -0.036990 0.205197
0.618023 -0.036990 0.012815
0.633507 -0.036990 0.208782
0.562613 -0.036990 0.378540
0.496503 -0.036990 0.431562
0.433367 -0.036990 0.379722
0.402382 -0.036990 0.321949
0.433367 -0.036990 0.208783
0.557251 -0.036990 -0.010428
0.557250 -0.036990 -0.333880
0.457783 -0.036990 -0.479221
0.258825 -0.036990 -0.594189
0.005061 -0.036990 -0.697233
0.003284 -0.080927 -0.657333
-0.220082 -0.080927 -0.570946
-0.441680 -0.080927 -0.455987
-0.527456 -0.080927 -0.345779
-0.538180 -0.080927 -0.018170
-0.387477 -0.080927 0.270728
-0.388674 -0.080927 0.376161
-0.467286 -0.080927 0.457169
-0.545320 -0.080927 0.425002
-0.666840 -0.080927 0.208783
-0.618007 -0.080927 0.411905
-0.489934 -0.080927 0.515553
-0.330290 -0.080927 0.557850
-0.182553 -0.080927 0.583456
-0.106916 -0.080927 0.662084
-0.078914 -0.080927 0.697820
-0.051514 -0.080927 0.710925
-0.059257 -0.080927 0.461341
-0.000285 -0.080927 0.431562
0.052728 -0.080927 0.463721
0.038434 -0.080927 0.706753
0.062850 -0.080927 0.686509
0.107527 -0.080927 0.662084
0.169473 -0.080927 0.583456
0.322564 -0.080927 0.562609
0.483985 -0.080927 0.519122
0.613842 -0.080927 0.408336
0.665071 -0.080927 0.211154
0.536412 -0.080927 0.430356
0.465518 -0.080927 0.459556
0.386303 -0.080927 0.385093
0.383320 -0.080927 0.266556
0.527464 -0.080927 -0.015195
0.527463 -0.080927 -0.341622
0.445274 -0.080927 -0.454797
0.222494 -0.080927 -0.569764
0.003284 -0.080927 -0.657333
0.003284 -0.124864 -0.601923
-0.212348 -0.124864 -0.538787
-0.423221 -0.124864 -0.421448
-0.504221 -0.124864 -0.319593
-0.500651 -0.124864 -0.014013
-0.387477 -0.124864 0.211154
-0.365432 -0.124864 0.320759
-0.391054 -0.124864 0.426192
-0.458354 -0.124864 0.484568
-0.545915 -0.124864 0.426192
-0.615024 -0.124864 0.283246
-0.585840 -0.124864 0.416070
-0.499453 -0.124864 0.522700
-0.338627 -0.124864 0.533417
-0.221288 -0.124864 0.534615
-0.145040 -0.124864 0.572144
-0.094406 -0.124864 0.662084
-0.059257 -0.124864 0.401775
-0.004466 -0.124864 0.377359
0.057496 -0.124864 0.400577
0.084879 -0.124864 0.656722
0.129564 -0.124864 0.573326
0.220106 -0.124864 0.531632
0.330298 -0.124864 0.532227
0.489950 -0.124864 0.517933
0.577511 -0.124864 0.423820
0.608487 -0.124864 0.284420
0.528669 -0.124864 0.430356
0.444084 -0.124864 0.493500
0.384510 -0.124864 0.433942
0.363060 -0.124864 0.324345
0.384510 -0.124864 0.212352
0.496503 -0.124864 -0.010428
0.491727 -0.124864 -0.318396
0.424419 -0.124864 -0.417871
0.203432 -0.124864 -0.542365
0.003284 -0.124864 -0.601923
0.003879 -0.190798 -0.546530
-0.160524 -0.190798 -0.488756
-0.332075 -0.190798 -0.408930
-0.441680 -0.190798 -0.302911
-0.441680 -0.190798 -0.018170
-0.332075 -0.190798 0.194488
-0.329100 -0.190798 0.316595
-0.389856 -0.190798 0.423820
-0.426188 -0.190798 0.458367
-0.497668 -0.190798 0.435124
-0.541750 -0.190798 0.356504
-0.525068 -0.190798 0.451806
-0.419635 -0.190798 0.492310
-0.276674 -0.190798 0.484568
-0.193889 -0.190798 0.467894
-0.133728 -0.190798 0.510190
-0.103338 -0.190798 0.592388
-0.054497 -0.190798 0.338632
0.003284 -0.190798 0.311835
0.056298 -0.190798 0.339829
0.105139 -0.190798 0.587628
0.143858 -0.190798 0.511372
0.196888 -0.190798 0.462531
0.290992 -0.190798 0.482791
0.425601 -0.190798 0.497086
0.527464 -0.190798 0.451806
0.539378 -0.190798 0.355314
0.508410 -0.190798 0.442874
0.419651 -0.190798 0.461341
0.389872 -0.190798 0.425002
0.330893 -0.190798 0.315397
0.341023 -0.190798 0.202222
0.451818 -0.190798 -0.014013
0.451818 -0.190798 -0.290401
0.336859 -0.190798 -0.408930
0.165895 -0.190798 -0.497680
0.003879 -0.190798 -0.546530
0.003284 -0.256691 -0.349364
-0.177199 -0.256691 -0.298136
-0.275492 -0.256691 -0.230835
-0.335661 -0.256691 -0.121825
-0.338627 -0.256691 -0.012807
-0.223668 -0.256691 0.212352
-0.290381 -0.256691 0.374971
-0.338033 -0.256691 0.430356
-0.388674 -0.256691 0.461341
-0.402358 -0.256691 0.486956
-0.374380 -0.256691 0.506010
-0.332075 -0.256691 0.517933
-0.220082 -0.256691 0.485766
-0.149204 -0.256691 0.523890
-0.114055 -0.256691 0.584646
-0.068197 -0.256691 0.363048
-0.005648 -0.256691 0.316595
0.060470 -0.256691 0.356504
0.109312 -0.256691 0.587628
0.149229 -0.256691 0.523890
0.218322 -0.256691 0.485766
0.330893 -0.256691 0.514950
0.377958 -0.256691 0.502448
0.401192 -0.256691 0.476834
0.387493 -0.256691 0.461341
0.326729 -0.256691 0.431562
0.270145 -0.256691 0.377359
0.223684 -0.256691 0.206387
0.330893 -0.256691 -0.015195
0.330893 -0.256691 -0.129560
0.277888 -0.256691 -0.230835
0.165895 -0.256691 -0.291583
0.003284 -0.256691 -0.349364
-0.001483 -0.322608 0.101557
-0.115856 -0.322608 0.123594
-0.224858 -0.322608 0.216517
-0.289191 -0.322608 0.387489
-0.332075 -0.322608 0.436322
-0.361259 -0.322608 0.466101
-0.324333 -0.322608 0.494698
-0.288002 -0.322608 0.495888
-0.224858 -0.322608 0.471471
-0.140264 -0.322608 0.525667
-0.095596 -0.322608 0.604311
-0.073559 -0.322608 0.328510
-0.002673 -0.322608 0.270728
0.058694 -0.322608 0.326122
0.083102 -0.322608 0.602518
0.133736 -0.322608 0.522700
0.218917 -0.322608 0.464919
0.290397 -0.322608 0.499465
0.327927 -0.322608 0.498284
0.360093 -0.322608 0.470281
0.314814 -0.322608 0.438107
0.271343 -0.322608 0.379722
0.218322 -0.322608 0.207585
0.114079 -0.322608 0.125379
-0.001483 -0.322608 0.101557
-0.001483 -0.388517 0.193298
-0.094406 -0.388517 0.194488
-0.133728 -0.388517 0.170055
-0.172439 -0.388517 0.170055
-0.204606 -0.388517 0.211154
-0.285622 -0.388517 0.373773
-0.332075 -0.388517 0.435124
-0.338033 -0.388517 0.464919
-0.281441 -0.388517 0.490533
-0.196864 -0.388517 0.502448
-0.155162 -0.388517 0.571541
-0.096786 -0.388517 0.603708
-0.042582 -0.388517 0.620977
-0.005648 -0.388517 0.660886
0.034261 -0.388517 0.626935
0.093819 -0.388517 0.604311
0.148031 -0.388517 0.563799
0.183767 -0.388517 0.506010
0.220106 -0.388517 0.459556
0.279086 -0.388517 0.493500
0.323159 -0.388517 0.469083
0.322564 -0.388517 0.430356
0.264783 -0.388517 0.371996
0.191517 -0.388517 0.208783
0.162928 -0.388517 0.180185
0.125986 -0.388517 0.170055
0.084879 -0.388517 0.194488
-0.001483 -0.388517 0.193298
-0.001483 -0.454419 0.490533
-0.055695 -0.454419 0.483973
-0.148015 -0.454419 0.426192
-0.161722 -0.454419 0.321949
-0.167085 -0.454419 0.211154
-0.235583 -0.454419 0.206387
-0.265957 -0.454419 0.268936
-0.275492 -0.454419 0.370806
-0.286804 -0.454419 0.430356
-0.266552 -0.454419 0.464919
-0.226056 -0.454419 0.490533
-0.177199 -0.454419 0.495888
-0.158145 -0.454419 0.539969
-0.114055 -0.454419 0.570351
-0.059257 -0.454419 0.576896
-0.001483 -0.454419 0.626935
0.051530 -0.454419 0.579878
0.107527 -0.454419 0.570351
0.140288 -0.454419 0.543539
0.173653 -0.454419 0.495888
0.218917 -0.454419 0.491723
0.255851 -0.454419 0.469083
0.285630 -0.454419 0.429182
0.275508 -0.454419 0.373773
0.261205 -0.454419 0.258813
0.231418 -0.454419 0.211154
0.174835 -0.454419 0.211154
0.158169 -0.454419 0.321949
0.124788 -0.454419 0.432752
0.051530 -0.454419 0.484568
-0.001483 -0.454419 0.490533
0.000904 -0.520337 0.578093
-0.055695 -0.520337 0.559031
-0.155765 -0.520337 0.493500
-0.183759 -0.520337 0.382721
-0.192691 -0.520337 0.244519
-0.257033 -0.520337 0.243321
-0.274302 -0.520337 0.278479
-0.265957 -0.520337 0.333872
-0.283234 -0.520337 0.391653
-0.275492 -0.520337 0.452401
-0.241532 -0.520337 0.500060
-0.178397 -0.520337 0.536995
-0.148015 -0.520337 0.594768
-0.086664 -0.520337 0.607873
-0.062247 -0.520337 0.645410
-0.002673 -0.520337 0.666844
0.056298 -0.520337 0.643022
0.084879 -0.520337 0.607873
0.150410 -0.520337 0.594768
0.191517 -0.520337 0.531632
0.232616 -0.520337 0.502448
0.272525 -0.520337 0.449434
0.272525 -0.520337 0.385093
0.248101 -0.520337 0.329699
0.260015 -0.520337 0.279668
0.240366 -0.520337 0.242131
0.177215 -0.520337 0.244519
0.171257 -0.520337 0.381523
0.128374 -0.520337 0.493500
0.056298 -0.520337 0.552479
0.000904 -0.520337 0.578093
-0.005648 -0.586246 0.601328
-0.119425 -0.586246 0.555462
-0.177199 -0.586246 0.497086
-0.200433 -0.586246 0.382721
-0.191501 -0.586246 0.242131
-0.240342 -0.586246 0.240949
-0.263569 -0.586246 0.279668
-0.246887 -0.586246 0.329699
-0.262387 -0.586246 0.391653
-0.237955 -0.586246 0.439304
-0.234980 -0.586246 0.503630
-0.184957 -0.586246 0.552479
-0.176017 -0.586246 0.600138
-0.112865 -0.586246 0.619192
-0.073559 -0.586246 0.648979
-0.009217 -0.586246 0.662084
0.051530 -0.586246 0.650177
0.105139 -0.586246 0.624555
0.155773 -0.586246 0.607873
0.174835 -0.586246 0.551289
0.217132 -0.586246 0.509000
0.229047 -0.586246 0.442874
0.257033 -0.586246 0.389265
0.242738 -0.586246 0.326122
0.257033 -0.586246 0.280850
0.240366 -0.586246 0.239751
0.187337 -0.586246 0.239751
0.191517 -0.586246 0.383895
0.169473 -0.586246 0.499465
0.100379 -0.586246 0.553677
-0.005648 -0.586246 0.601328
-0.003871 -0.652163 0.620977
-0.121805 -0.652163 0.575706
-0.178991 -0.652163 0.514950
-0.208176 -0.652163 0.426192
-0.210555 -0.652163 0.264168
-0.226056 -0.652163 0.264168
-0.243325 -0.652163 0.284420
-0.229022 -0.652163 0.338632
-0.239152 -0.652163 0.401775
-0.217124 -0.652163 0.449434
-0.217124 -0.652163 0.506010
-0.170654 -0.652163 0.548901
-0.146238 -0.652163 0.604311
-0.103338 -0.652163 0.610260
-0.065817 -0.652163 0.645410
-0.009217 -0.652163 0.648979
0.035451 -0.652163 0.646592
0.077145 -0.652163 0.615623
0.142668 -0.652163 0.604311
0.173653 -0.652163 0.551289
0.214736 -0.652163 0.512570
0.215934 -0.652163 0.449434
0.246903 -0.652163 0.386283
0.232616 -0.652163 0.336244
0.243333 -0.652163 0.295145
0.234996 -0.652163 0.262986
0.211166 -0.652163 0.255244
0.201647 -0.652163 0.432752
0.172455 -0.652163 0.516735
0.111699 -0.652163 0.579283
-0.003871 -0.652163 0.620977
-0.234666 -0.597381 0.299856
-0.217960 -0.597381 0.360258
-0.222663 -0.597381 0.375067
-0.210137 -0.597381 0.413248
-0.196550 -0.597381 0.420660
-0.198640 -0.597381 0.446291
-0.174095 -0.597381 0.482196
-0.163644 -0.597381 0.483338
-0.159463 -0.597381 0.508968
-0.141189 -0.597381 0.511830
-0.139099 -0.597381 0.531198
-0.117689 -0.597381 0.539744
-0.110903 -0.597381 0.569370
-0.084798 -0.597381 0.571091
-0.081132 -0.597381 0.585329
-0.062344 -0.597381 0.590459
-0.031528 -0.597381 0.607559
0.004506 -0.597381 0.607559
-0.064426 -0.597381 0.587042
-0.085844 -0.597381 0.569370
-0.117689 -0.597381 0.543740
-0.145378 -0.597381 0.514106
-0.164697 -0.597381 0.488459
-0.198640 -0.597381 0.418369
-0.216915 -0.597381 0.359109
-0.234666 -0.597381 0.299856
-0.239378 -0.665235 0.298714
-0.257644 -0.665235 0.308394
-0.257644 -0.665235 0.363667
-0.244073 -0.665235 0.368813
-0.254002 -0.665235 0.382480
-0.235711 -0.665235 0.432624
-0.220050 -0.665235 0.433194
-0.226844 -0.665235 0.447433
-0.205426 -0.665235 0.491884
-0.188719 -0.665235 0.494159
-0.186115 -0.665235 0.520369
-0.166265 -0.665235 0.522652
-0.167310 -0.665235 0.546015
-0.142242 -0.665235 0.547720
-0.130745 -0.665235 0.589309
-0.109344 -0.665235 0.585329
-0.091576 -0.665235 0.605268
-0.071219 -0.665235 0.606409
-0.037268 -0.665235 0.625222
0.004506 -0.665235 0.629781
0.001371 -0.665235 0.593305
-0.049802 -0.665235 0.583054
-0.120824 -0.665235 0.518093
-0.178276 -0.665235 0.449145
-0.212211 -0.665235 0.308394
-0.239378 -0.665235 0.298714
-0.356861 -0.699139 0.275351
-0.246163 -0.699139 0.459966
-0.174095 -0.699139 0.519235
-0.117689 -0.699139 0.583054
-0.067553 -0.699139 0.591600
-0.047711 -0.699139 0.617801
0.004506 -0.699139 0.633776
0.004506 -0.699139 0.578496
-0.069129 -0.699139 0.547720
-0.163644 -0.699139 0.449145
-0.264437 -0.699139 0.316948
-0.356861 -0.699139 0.275351
0.243647 -0.597381 0.299856
0.226948 -0.597381 0.360258
0.231643 -0.597381 0.375067
0.219118 -0.597381 0.413248
0.205539 -0.597381 0.420660
0.207629 -0.597381 0.446291
0.183092 -0.597381 0.482196
0.172648 -0.597381 0.483338
0.168460 -0.597381 0.508968
0.150185 -0.597381 0.511830
0.148095 -0.597381 0.531198
0.126685 -0.597381 0.539744
0.119892 -0.597381 0.569370
0.093779 -0.597381 0.571091
0.090121 -0.597381 0.585329
0.071324 -0.597381 0.590459
0.040516 -0.597381 0.607559
0.004490 -0.597381 0.607559
0.073406 -0.597381 0.587042
0.094832 -0.597381 0.569370
0.126685 -0.597381 0.543740
0.154366 -0.597381 0.514106
0.173677 -0.597381 0.488459
0.207629 -0.597381 0.418369
0.225903 -0.597381 0.359109
0.243647 -0.597381 0.299856
0.248366 -0.665235 0.298714
0.266640 -0.665235 0.308394
0.266640 -0.665235 0.363667
0.253061 -0.665235 0.368813
0.262990 -0.665235 0.382480
0.244708 -0.665235 0.432623
0.229047 -0.665235 0.433194
0.235832 -0.665235 0.447433
0.214422 -0.665235 0.491884
0.197700 -0.665235 0.494159
0.195087 -0.665235 0.520369
0.175245 -0.665235 0.522652
0.176298 -0.665235 0.546015
0.151230 -0.665235 0.547720
0.139742 -0.665235 0.589309
0.118324 -0.665235 0.585329
0.100572 -0.665235 0.605268
0.080200 -0.665235 0.606409
0.046256 -0.665235 0.625222
0.004490 -0.665235 0.629781
0.007618 -0.665235 0.593305
0.058798 -0.665235 0.583054
0.129821 -0.665235 0.518093
0.187264 -0.665235 0.449145
0.221200 -0.665235 0.308394
0.248366 -0.665235 0.298714
0.365858 -0.699139 0.275351
0.255143 -0.699139 0.459966
0.183092 -0.699139 0.519235
0.126685 -0.699139 0.583054
0.076550 -0.699139 0.591600
0.056708 -0.699139 0.617801
0.004490 -0.699139 0.633776
0.004490 -0.699139 0.578496
0.078126 -0.699139 0.547720
0.172648 -0.699139 0.449145
0.273426 -0.699139 0.316948
0.365858 -0.699139 0.275351
3 1 0 2 
3 2 0 3 
3 3 0 4 
3 4 0 5 
3 6 1 7 
3 7 1 2 
3 7 2 8 
3 8 2 9 
3 9 2 3 
3 9 3 10 
3 10 3 11 
3 11 3 4 
3 11 4 12 
3 12 4 13 
3 13 4 5 
3 13 5 14 
3 15 6 16 
3 16 6 7 
3 16 7 17 
3 17 7 18 
3 18 7 8 
3 18 8 19 
3 19 8 9 
3 19 9 20 
3 20 9 10 
3 20 10 21 
3 21 10 22 
3 22 10 11 
3 22 11 23 
3 23 11 12 
3 23 12 24 
3 24 12 13 
3 24 13 25 
3 25 13 26 
3 26 13 14 
3 26 14 27 
3 28 15 16 
3 28 16 29 
3 29 16 30 
3 30 16 17 
3 30 17 31 
3 31 17 18 
3 31 18 19 
3 31 19 32 
3 32 19 33 
3 33 19 20 
3 33 20 34 
3 34 20 21 
3 34 21 22 
3 34 22 35 
3 35 22 23 
3 35 23 36 
3 36 23 37 
3 37 23 24 
3 37 24 25 
3 37 25 38 
3 38 25 26 
3 38 26 39 
3 39 26 40 
3 40 26 27 
3 41 28 29 
3 41 29 42 
3 42 29 30 
3 42 30 43 
3 43 30 31 
3 43 31 44 
3 44 31 32 
3 44 32 45 
3 45 32 33 
3 45 33 46 
3 46 33 47 
3 47 33 34 
3 47 34 35 
3 47 35 48 
3 48 35 36 
3 48 36 49 
3 49 36 50 
3 50 36 37 
3 50 37 51 
3 51 37 38 
3 51 38 52 
3 52 38 39 
3 52 39 53 
3 53 39 40 
3 54 41 55 
3 55 41 42 
3 55 42 56 
3 56 42 43 
3 56 43 57 
3 57 43 44 
3 57 44 45 
3 57 45 58 
3 58 45 46 
3 58 46 59 
3 59 46 47 
3 59 47 60 
3 60 47 61 
3 61 47 48 
3 61 48 62 
3 62 48 49 
3 62 49 63 
3 63 49 50 
3 63 50 51 
3 63 51 64 
3 64 51 52 
3 64 52 65 
3 65 52 53 
3 65 53 66 
3 67 54 55 
3 67 55 68 
3 68 55 56 
3 68 56 69 
3 69 56 70 
3 70 56 57 
3 70 57 71 
3 71 57 72 
3 72 57 58 
3 72 58 73 
3 73 58 74 
3 74 58 75 
3 75 58 76 
3 76 58 77 
3 77 58 59 
3 77 59 78 
3 78 59 79 
3 79 59 60 
3 79 60 80 
3 80 60 81 
3 81 60 82 
3 82 60 83 
3 83 60 61 
3 83 61 84 
3 84 61 85 
3 85 61 62 
3 85 62 86 
3 86 62 87 
3 87 62 88 
3 88 62 89 
3 89 62 90 
3 90 62 63 
3 90 63 91 
3 91 63 92 
3 92 63 64 
3 92 64 93 
3 93 64 65 
3 93 65 94 
3 94 65 66 
3 94 66 95 
3 96 67 97 
3 97 67 68 
3 97 68 69 
3 97 69 98 
3 98 69 70 
3 98 70 99 
3 99 70 71 
3 99 71 100 
3 100 71 72 
3 100 72 101 
3 101 72 102 
3 102 72 73 
3 102 73 103 
3 103 73 104 
3 104 73 74 
3 104 74 105 
3 105 74 106 
3 106 74 107 
3 107 74 75 
3 107 75 108 
3 108 75 76 
3 108 76 109 
3 109 76 77 
3 109 77 110 
3 110 77 111 
3 111 77 78 
3 111 78 112 
3 112 78 113 
3 113 78 79 
3 113 79 114 
3 114 79 115 
3 115 79 116 
3 116 79 80 
3 116 80 117 
3 117 80 118 
3 118 80 81 
3 118 81 119 
3 119 81 120 
3 120 81 82 
3 120 82 121 
3 121 82 122 
3 122 82 83 
3 122 83 123 
3 123 83 124 
3 124 83 125 
3 125 83 84 
3 125 84 126 
3 126 84 127 
3 127 84 85 
3 127 85 128 
3 128 85 129 
3 129 85 86 
3 129 86 130 
3 130 86 87 
3 130 87 131 
3 131 87 88 
3 131 88 132 
3 132 88 133 
3 133 88 134 
3 134 88 89 
3 134 89 135 
3 135 89 136 
3 136 89 90 
3 136 90 137 
3 137 90 138 
3 138 90 91 
3 138 91 139 
3 139 91 92 
3 139 92 140 
3 140 92 93 
3 140 93 141 
3 141 93 94 
3 141 94 142 
3 142 94 95 
3 143 96 97 
3 143 97 144 
3 144 97 98 
3 144 98 145 
3 145 98 99 
3 145 99 146 
3 146 99 100 
3 146 100 147 
3 147 100 101 
3 147 101 148 
3 148 101 102 
3 148 102 149 
3 149 102 103 
3 149 103 150 
3 150 103 104 
3 150 104 151 
3 151 104 105 
3 151 105 152 
3 152 105 106 
3 152 106 153 
3 153 106 107 
3 153 107 154 
3 154 107 108 
3 154 108 155 
3 155 108 109 
3 155 109 110 
3 155 110 156 
3 156 110 157 
3 157 110 111 
3 157 111 158 
3 158 111 112 
3 158 112 159 
3 159 112 160 
3 160 112 113 
3 160 113 161 
3 161 113 114 
3 161 114 162 
3 162 114 115 
3 162 115 163 
3 163 115 116 
3 163 116 117 
3 163 117 164 
3 164 117 118 
3 164 118 165 
3 165 118 166 
3 166 118 119 
3 166 119 167 
3 167 119 120 
3 167 120 168 
3 168 120 169 
3 169 120 121 
3 169 121 170 
3 170 121 122 
3 170 122 171 
3 171 122 123 
3 171 123 124 
3 171 124 172 
3 172 124 125 
3 172 125 173 
3 173 125 126 
3 173 126 174 
3 174 126 175 
3 175 126 127 
3 175 127 176 
3 176 127 128 
3 176 128 177 
3 177 128 129 
3 177 129 178 
3 178 129 130 
3 178 130 179 
3 179 130 131 
3 179 131 180 
3 180 131 132 
3 180 132 181 
3 181 132 133 
3 181 133 182 
3 182 133 183 
3 183 133 134 
3 183 134 135 
3 183 135 184 
3 184 135 136 
3 184 136 185 
3 185 136 137 
3 185 137 186 
3 186 137 138 
3 186 138 187 
3 187 138 139 
3 187 139 188 
3 188 139 140 
3 188 140 189 
3 189 140 141 
3 189 141 190 
3 190 141 142 
3 191 143 192 
3 192 143 144 
3 192 144 145 
3 192 145 193 
3 193 145 146 
3 193 146 194 
3 194 146 195 
3 195 146 147 
3 195 147 196 
3 196 147 148 
3 196 148 197 
3 197 148 149 
3 197 149 198 
3 198 149 150 
3 198 150 199 
3 199 150 151 
3 199 151 152 
3 199 152 200 
3 200 152 201 
3 201 152 153 
3 201 153 202 
3 202 153 154 
3 202 154 155 
3 202 155 203 
3 203 155 156 
3 203 156 204 
3 204 156 157 
3 204 157 205 
3 205 157 206 
3 206 157 158 
3 206 158 207 
3 207 158 159 
3 207 159 208 
3 208 159 160 
3 208 160 161 
3 208 161 209 
3 209 161 162 
3 209 162 210 
3 210 162 211 
3 211 162 163 
3 211 163 164 
3 211 164 212 
3 212 164 165 
3 212 165 213 
3 213 165 166 
3 213 166 214 
3 214 166 167 
3 214 167 215 
3 215 167 168 
3 215 168 216 
3 216 168 169 
3 216 169 217 
3 217 169 170 
3 217 170 171 
3 217 171 218 
3 218 171 219 
3 219 171 172 
3 219 172 220 
3 220 172 173 
3 220 173 174 
3 220 174 221 
3 221 174 175 
3 221 175 222 
3 222 175 176 
3 222 176 223 
3 223 176 224 
3 224 176 177 
3 224 177 225 
3 225 177 178 
3 225 178 179 
3 225 179 226 
3 226 179 180 
3 226 180 227 
3 227 180 181 
3 227 181 228 
3 228 181 229 
3 229 181 182 
3 229 182 230 
3 230 182 183 
3 230 183 184 
3 230 184 231 
3 231 184 185 
3 231 185 232 
3 232 185 186 
3 232 186 233 
3 233 186 234 
3 234 186 187 
3 234 187 235 
3 235 187 188 
3 235 188 236 
3 236 188 189 
3 236 189 237 
3 237 189 190 
3 238 191 192 
3 238 192 239 
3 239 192 193 
3 239 193 240 
3 240 193 194 
3 240 194 241 
3 241 194 242 
3 242 194 195 
3 242 195 243 
3 243 195 196 
3 243 196 244 
3 244 196 197 
3 244 197 245 
3 245 197 198 
3 245 198 199 
3 245 199 246 
3 246 199 200 
3 246 200 247 
3 247 200 248 
3 248 200 201 
3 248 201 249 
3 249 201 202 
3 249 202 250 
3 250 202 203 
3 250 203 204 
3 250 204 251 
3 251 204 205 
3 251 205 252 
3 252 205 206 
3 252 206 253 
3 253 206 207 
3 253 207 208 
3 253 208 254 
3 254 208 209 
3 254 209 255 
3 255 209 210 
3 255 210 256 
3 256 210 211 
3 256 211 212 
3 256 212 257 
3 257 212 213 
3 257 213 258 
3 258 213 214 
3 258 214 259 
3 259 214 215 
3 259 215 260 
3 260 215 216 
3 260 216 261 
3 261 216 217 
3 261 217 218 
3 261 218 262 
3 262 218 219 
3 262 219 263 
3 263 219 220 
3 263 220 264 
3 264 220 221 
3 264 221 222 
3 264 222 265 
3 265 222 223 
3 265 223 266 
3 266 223 224 
3 266 224 267 
3 267 224 225 
3 267 225 226 
3 267 226 268 
3 268 226 227 
3 268 227 269 
3 269 227 228 
3 269 228 270 
3 270 228 271 
3 271 228 229 
3 271 229 230 
3 271 230 272 
3 272 230 231 
3 272 231 273 
3 273 231 232 
3 273 232 274 
3 274 232 233 
3 274 233 275 
3 275 233 234 
3 275 234 276 
3 276 234 277 
3 277 234 235 
3 277 235 278 
3 278 235 236 
3 278 236 279 
3 279 236 237 
3 280 238 281 
3 281 238 239 
3 281 239 282 
3 282 239 240 
3 282 240 283 
3 283 240 241 
3 283 241 284 
3 284 241 242 
3 284 242 243 
3 284 243 285 
3 285 243 244 
3 285 244 286 
3 286 244 287 
3 287 244 245 
3 287 245 288 
3 288 245 246 
3 288 246 289 
3 289 246 247 
3 289 247 290 
3 290 247 291 
3 291 247 292 
3 292 247 293 
3 293 247 294 
3 294 247 295 
3 295 247 296 
3 296 247 248 
3 296 248 249 
3 296 249 297 
3 297 249 250 
3 297 250 298 
3 298 250 251 
3 298 251 299 
3 299 251 252 
3 299 252 300 
3 300 252 253 
3 300 253 301 
3 301 253 254 
3 301 254 302 
3 302 254 255 
3 302 255 303 
3 303 255 256 
3 303 256 304 
3 304 256 305 
3 305 256 257 
3 305 257 258 
3 305 258 306 
3 306 258 259 
3 306 259 307 
3 307 259 260 
3 307 260 261 
3 307 261 308 
3 308 261 309 
3 309 261 262 
3 309 262 310 
3 310 262 263 
3 310 263 264 
3 310 264 311 
3 311 264 312 
3 312 264 265 
3 312 265 313 
3 313 265 266 
3 313 266 314 
3 314 266 267 
3 314 267 315 
3 315 267 268 
3 315 268 316 
3 316 268 269 
3 316 269 270 
3 316 270 317 
3 317 270 318 
3 318 270 319 
3 319 270 320 
3 320 270 321 
3 321 270 322 
3 322 270 323 
3 323 270 271 
3 323 271 272 
3 323 272 324 
3 324 272 273 
3 324 273 325 
3 325 273 326 
3 326 273 327 
3 327 273 274 
3 327 274 328 
3 328 274 275 
3 328 275 276 
3 328 276 329 
3 329 276 277 
3 329 277 330 
3 330 277 278 
3 330 278 331 
3 331 278 279 
3 331 279 332 
3 333 280 281 
3 333 281 334 
3 334 281 282 
3 334 282 335 
3 335 282 336 
3 336 282 283 
3 336 283 337 
3 337 283 284 
3 337 284 285 
3 337 285 338 
3 338 285 286 
3 338 286 339 
3 339 286 340 
3 340 286 287 
3 340 287 288 
3 340 288 341 
3 341 288 342 
3 342 288 289 
3 342 289 290 
3 342 290 343 
3 343 290 291 
3 343 291 344 
3 344 291 292 
3 344 292 293 
3 344 293 294 
3 344 294 295 
3 344 295 345 
3 345 295 346 
3 346 295 296 
3 346 296 347 
3 347 296 297 
3 347 297 348 
3 348 297 298 
3 348 298 299 
3 348 299 300 
3 348 300 301 
3 348 301 349 
3 349 301 302 
3 349 302 303 
3 349 303 304 
3 349 304 350 
3 350 304 305 
3 350 305 351 
3 351 305 352 
3 352 305 306 
3 352 306 353 
3 353 306 307 
3 353 307 354 
3 354 307 355 
3 355 307 308 
3 355 308 356 
3 356 308 309 
3 356 309 310 
3 356 310 311 
3 356 311 357 
3 357 311 312 
3 357 312 313 
3 357 313 314 
3 357 314 315 
3 357 315 358 
3 358 315 316 
3 358 316 359 
3 359 316 317 
3 359 317 360 
3 360 317 361 
3 361 317 318 
3 361 318 319 
3 361 319 320 
3 361 320 321 
3 361 321 362 
3 362 321 322 
3 362 322 363 
3 363 322 323 
3 363 323 364 
3 364 323 324 
3 364 324 365 
3 365 324 325 
3 365 325 326 
3 365 326 366 
3 366 326 327 
3 366 327 367 
3 367 327 368 
3 368 327 328 
3 368 328 329 
3 368 329 369 
3 369 329 330 
3 369 330 370 
3 370 330 331 
3 370 331 371 
3 371 331 332 
3 371 332 372 
3 373 333 374 
3 374 333 334 
3 374 334 375 
3 375 334 335 
3 375 335 376 
3 376 335 336 
3 376 336 377 
3 377 336 337 
3 377 337 338 
3 377 338 378 
3 378 338 339 
3 378 339 379 
3 379 339 340 
3 379 340 341 
3 379 341 380 
3 380 341 381 
3 381 341 342 
3 381 342 382 
3 382 342 343 
3 382 343 344 
3 382 344 345 
3 382 345 346 
3 382 346 383 
3 383 346 347 
3 383 347 384 
3 384 347 348 
3 384 348 385 
3 385 348 349 
3 385 349 386 
3 386 349 350 
3 386 350 387 
3 387 350 351 
3 387 351 388 
3 388 351 352 
3 388 352 389 
3 389 352 390 
3 390 352 391 
3 391 352 353 
3 391 353 392 
3 392 353 393 
3 393 353 394 
3 394 353 354 
3 394 354 395 
3 395 354 355 
3 395 355 396 
3 396 355 356 
3 396 356 397 
3 397 356 357 
3 397 357 398 
3 398 357 358 
3 398 358 399 
3 399 358 359 
3 399 359 400 
3 400 359 360 
3 400 360 361 
3 400 361 362 
3 400 362 363 
3 400 363 401 
3 401 363 364 
3 401 364 402 
3 402 364 403 
3 403 364 365 
3 403 365 404 
3 404 365 366 
3 404 366 367 
3 404 367 405 
3 405 367 368 
3 405 368 369 
3 405 369 406 
3 406 369 370 
3 406 370 407 
3 407 370 371 
3 407 371 408 
3 408 371 372 
3 408 372 409 
3 410 373 411 
3 411 373 374 
3 411 374 375 
3 411 375 412 
3 412 375 376 
3 412 376 413 
3 413 376 414 
3 414 376 377 
3 414 377 415 
3 415 377 378 
3 415 378 416 
3 416 378 379 
3 416 379 417 
3 417 379 380 
3 417 380 418 
3 418 380 381 
3 418 381 419 
3 419 381 420 
3 420 381 382 
3 420 382 383 
3 420 383 421 
3 421 383 384 
3 421 384 422 
3 422 384 423 
3 423 384 385 
3 423 385 424 
3 424 385 386 
3 424 386 425 
3 425 386 387 
3 425 387 426 
3 426 387 388 
3 426 388 389 
3 426 389 390 
3 426 390 427 
3 427 390 391 
3 427 391 428 
3 428 391 429 
3 429 391 392 
3 429 392 430 
3 430 392 393 
3 430 393 394 
3 430 394 395 
3 430 395 431 
3 431 395 396 
3 431 396 432 
3 432 396 397 
3 432 397 433 
3 433 397 398 
3 433 398 434 
3 434 398 435 
3 435 398 399 
3 435 399 436 
3 436 399 400 
3 436 400 401 
3 436 401 437 
3 437 401 438 
3 438 401 402 
3 438 402 439 
3 439 402 403 
3 439 403 440 
3 440 403 404 
3 440 404 441 
3 441 404 405 
3 441 405 442 
3 442 405 406 
3 442 406 443 
3 443 406 444 
3 444 406 407 
3 444 407 445 
3 445 407 408 
3 445 408 409 
3 445 409 446 
3 447 410 448 
3 448 410 411 
3 448 411 449 
3 449 411 412 
3 449 412 450 
3 450 412 413 
3 450 413 451 
3 451 413 414 
3 451 414 415 
3 451 415 452 
3 452 415 416 
3 452 416 453 
3 453 416 417 
3 453 417 454 
3 454 417 418 
3 454 418 455 
3 455 418 419 
3 455 419 456 
3 456 419 457 
3 457 419 420 
3 457 420 421 
3 457 421 458 
3 458 421 422 
3 458 422 459 
3 459 422 423 
3 459 423 460 
3 460 423 424 
3 460 424 461 
3 461 424 462 
3 462 424 425 
3 462 425 463 
3 463 425 426 
3 463 426 427 
3 463 427 464 
3 464 427 428 
3 464 428 465 
3 465 428 466 
3 466 428 429 
3 466 429 467 
3 467 429 430 
3 467 430 431 
3 467 431 468 
3 468 431 432 
3 468 432 469 
3 469 432 470 
3 470 432 433 
3 470 433 471 
3 471 433 434 
3 471 434 472 
3 472 434 435 
3 472 435 473 
3 473 435 436 
3 473 436 437 
3 473 437 474 
3 474 437 475 
3 475 437 438 
3 475 438 476 
3 476 438 439 
3 476 439 477 
3 477 439 440 
3 477 440 478 
3 478 440 441 
3 478 441 479 
3 479 441 442 
3 479 442 480 
3 480 442 443 
3 480 443 444 
3 480 444 481 
3 481 444 445 
3 481 445 482 
3 482 445 446 
3 482 446 483 
3 484 447 448 
3 484 448 485 
3 485 448 449 
3 485 449 486 
3 486 449 450 
3 486 450 487 
3 487 450 488 
3 488 450 451 
3 488 451 489 
3 489 451 452 
3 489 452 490 
3 490 452 453 
3 490 453 454 
3 490 454 491 
3 491 454 455 
3 491 455 492 
3 492 455 456 
3 492 456 493 
3 493 456 457 
3 493 457 458 
3 493 458 494 
3 494 458 459 
3 494 459 495 
3 495 459 496 
3 496 459 460 
3 496 460 461 
3 496 461 497 
3 497 461 462 
3 497 462 498 
3 498 462 463 
3 498 463 464 
3 498 464 499 
3 499 464 500 
3 500 464 465 
3 500 465 501 
3 501 465 466 
3 501 466 502 
3 502 466 467 
3 502 467 468 
3 502 468 503 
3 503 468 469 
3 503 469 504 
3 504 469 470 
3 504 470 471 
3 504 471 505 
3 505 471 506 
3 506 471 472 
3 506 472 507 
3 507 472 473 
3 507 473 474 
3 507 474 508 
3 508 474 509 
3 509 474 475 
3 509 475 476 
3 509 476 510 
3 510 476 477 
3 510 477 478 
3 510 478 511 
3 511 478 479 
3 511 479 512 
3 512 479 480 
3 512 480 513 
3 513 480 514 
3 514 480 481 
3 514 481 515 
3 515 481 482 
3 515 482 516 
3 516 482 483 
3 517 484 518 
3 518 484 485 
3 518 485 519 
3 519 485 486 
3 519 486 487 
3 519 487 488 
3 519 488 489 
3 519 489 520 
3 520 489 490 
3 520 490 521 
3 521 490 491 
3 521 491 522 
3 522 491 492 
3 522 492 493 
3 522 493 494 
3 522 494 523 
3 523 494 495 
3 523 495 524 
3 524 495 496 
3 524 496 525 
3 525 496 526 
3 526 496 497 
3 526 497 527 
3 527 497 498 
3 527 498 499 
3 527 499 528 
3 528 499 500 
3 528 500 529 
3 529 500 530 
3 530 500 501 
3 530 501 531 
3 531 501 502 
3 531 502 503 
3 531 503 532 
3 532 503 504 
3 532 504 533 
3 533 504 534 
3 534 504 505 
3 534 505 535 
3 535 505 506 
3 535 506 507 
3 535 507 536 
3 536 507 508 
3 536 508 509 
3 536 509 537 
3 537 509 510 
3 537 510 538 
3 538 510 511 
3 538 511 539 
3 539 511 512 
3 539 512 513 
3 539 513 514 
3 539 514 515 
3 539 515 540 
3 540 515 516 
3 540 516 541 
3 542 517 543 
3 543 517 518 
3 543 518 544 
3 544 518 545 
3 545 518 546 
3 546 518 519 
3 546 519 547 
3 547 519 520 
3 547 520 548 
3 548 520 521 
3 548 521 549 
3 549 521 522 
3 549 522 550 
3 550 522 523 
3 550 523 524 
3 550 524 525 
3 550 525 551 
3 551 525 552 
3 552 525 526 
3 552 526 553 
3 553 526 527 
3 553 527 554 
3 554 527 528 
3 554 528 529 
3 554 529 555 
3 555 529 556 
3 556 529 530 
3 556 530 531 
3 556 531 557 
3 557 531 532 
3 557 532 558 
3 558 532 533 
3 558 533 559 
3 559 533 560 
3 560 533 561 
3 561 533 534 
3 561 534 535 
3 561 535 562 
3 562 535 536 
3 562 536 537 
3 562 537 563 
3 563 537 538 
3 563 538 564 
3 564 538 539 
3 564 539 565 
3 565 539 540 
3 565 540 566 
3 566 540 567 
3 567 540 568 
3 568 540 541 
3 568 541 569 
3 570 542 571 
3 571 542 572 
3 572 542 573 
3 573 542 543 
3 573 543 574 
3 574 543 544 
3 574 544 545 
3 574 545 575 
3 575 545 546 
3 575 546 576 
3 576 546 547 
3 576 547 577 
3 577 547 578 
3 578 547 548 
3 578 548 549 
3 578 549 579 
3 579 549 550 
3 579 550 580 
3 580 550 551 
3 580 551 581 
3 581 551 582 
3 582 551 552 
3 582 552 583 
3 583 552 553 
3 583 553 584 
3 584 553 554 
3 584 554 585 
3 585 554 555 
3 585 555 556 
3 585 556 586 
3 586 556 557 
3 586 557 587 
3 587 557 558 
3 587 558 588 
3 588 558 559 
3 588 559 589 
3 589 559 560 
3 589 560 590 
3 590 560 561 
3 590 561 591 
3 591 561 562 
3 591 562 592 
3 592 562 563 
3 592 563 593 
3 593 563 564 
3 593 564 594 
3 594 564 565 
3 594 565 595 
3 595 565 566 
3 595 566 596 
3 596 566 567 
3 596 567 568 
3 596 568 597 
3 597 568 569 
3 597 569 598 
3 598 569 599 
3 599 569 600 
3 601 570 602 
3 602 570 571 
3 602 571 603 
3 603 571 572 
3 603 572 604 
3 604 572 573 
3 604 573 605 
3 605 573 574 
3 605 574 575 
3 605 575 606 
3 606 575 607 
3 607 575 576 
3 607 576 608 
3 608 576 577 
3 608 577 609 
3 609 577 610 
3 610 577 578 
3 610 578 611 
3 611 578 579 
3 611 579 580 
3 611 580 612 
3 612 580 581 
3 612 581 582 
3 612 582 613 
3 613 582 583 
3 613 583 614 
3 614 583 584 
3 614 584 615 
3 615 584 585 
3 615 585 616 
3 616 585 617 
3 617 585 586 
3 617 586 618 
3 618 586 587 
3 618 587 619 
3 619 587 588 
3 619 588 589 
3 619 589 620 
3 620 589 590 
3 620 590 621 
3 621 590 591 
3 621 591 592 
3 621 592 622 
3 622 592 593 
3 622 593 623 
3 623 593 624 
3 624 593 594 
3 624 594 625 
3 625 594 595 
3 625 595 626 
3 626 595 627 
3 627 595 596 
3 627 596 597 
3 627 597 628 
3 628 597 598 
3 628 598 629 
3 629 598 599 
3 629 599 630 
3 630 599 600 
3 630 600 631 
3 695 694 696 
3 696 694 697 
3 697 694 698 
3 698 694 699 
3 699 694 700 
3 700 694 701 
3 702 695 696 
3 702 696 703 
3 703 696 704 
3 704 696 697 
3 704 697 705 
3 705 697 698 
3 705 698 706 
3 706 698 699 
3 706 699 707 
3 707 699 708 
3 708 699 700 
3 708 700 701 
3 708 701 709 
3 710 702 711 
3 711 702 703 
3 711 703 704 
3 711 704 712 
3 712 704 705 
3 712 705 706 
3 712 706 713 
3 713 706 707 
3 713 707 714 
3 714 707 708 
3 714 708 715 
3 715 708 709 
3 716 710 711 
3 716 711 717 
3 717 711 718 
3 718 711 712 
3 718 712 719 
3 719 712 713 
3 719 713 720 
3 720 713 714 
3 720 714 721 
3 721 714 722 
3 722 714 715 
3 722 715 723 
3 724 716 725 
3 725 716 717 
3 725 717 726 
3 726 717 718 
3 726 718 727 
3 727 718 719 
3 727 719 728 
3 728 719 720 
3 728 720 729 
3 729 720 721 
3 729 721 722 
3 729 722 730 
3 730 722 723 
3 741 731 732 
3 741 732 742 
3 742 732 733 
3 742 733 743 
3 743 733 734 
3 743 734 735 
3 743 735 736 
3 743 736 744 
3 744 736 737 
3 744 737 745 
3 745 737 738 
3 745 738 746 
3 746 738 739 
3 746 739 747 
3 747 739 740 
3 747 740 748 
3 749 741 742 
3 749 742 750 
3 750 742 751 
3 751 742 743 
3 751 743 752 
3 752 743 744 
3 752 744 745 
3 752 745 753 
3 753 745 746 
3 753 746 754 
3 754 746 755 
3 755 746 747 
3 755 747 756 
3 756 747 748 
3 756 748 757 
3 758 749 750 
3 758 750 759 
3 759 750 751 
3 759 751 760 
3 760 751 752 
3 760 752 761 
3 761 752 762 
3 762 752 753 
3 762 753 754 
3 762 754 763 
3 763 754 755 
3 763 755 764 
3 764 755 756 
3 764 756 765 
3 765 756 757 
3 765 757 766 
3 767 758 768 
3 768 758 759 
3 768 759 769 
3 769 759 760 
3 769 760 770 
3 770 760 761 
3 770 761 771 
3 771 761 762 
3 771 762 772 
3 772 762 763 
3 772 763 773 
3 773 763 764 
3 773 764 765 
3 773 765 774 
3 774 765 775 
3 775 765 766 
3 795 776 777 
3 795 777 796 
3 796 777 778 
3 796 778 797 
3 797 778 779 
3 797 779 798 
3 798 779 780 
3 798 780 799 
3 799 780 781 
3 799 781 800 
3 800 781 782 
3 800 782 801 
3 801 782 783 
3 801 783 784 
3 801 784 802 
3 802 784 785 
3 802 785 786 
3 802 786 803 
3 803 786 787 
3 803 787 804 
3 804 787 788 
3 804 788 805 
3 805 788 806 
3 806 788 789 
3 806 789 790 
3 806 790 807 
3 807 790 791 
3 807 791 792 
3 807 792 808 
3 808 792 793 
3 808 793 809 
3 809 793 794 
3 809 794 810 
3 811 795 796 
3 811 796 812 
3 812 796 813 
3 813 796 797 
3 813 797 814 
3 814 797 798 
3 814 798 799 
3 814 799 815 
3 815 799 800 
3 815 800 816 
3 816 800 801 
3 816 801 802 
3 816 802 817 
3 817 802 818 
3 818 802 803 
3 818 803 819 
3 819 803 804 
3 819 804 805 
3 819 805 820 
3 820 805 806 
3 820 806 821 
3 821 806 822 
3 822 806 807 
3 822 807 823 
3 823 807 808 
3 823 808 809 
3 823 809 824 
3 824 809 810 
3 825 811 812 
3 825 812 826 
3 826 812 813 
3 826 813 827 
3 827 813 814 
3 827 814 828 
3 828 814 815 
3 828 815 829 
3 829 815 816 
3 829 816 830 
3 830 816 817 
3 830 817 818 
3 830 818 831 
3 831 818 832 
3 832 818 819 
3 832 819 833 
3 833 819 820 
3 833 820 834 
3 834 820 821 
3 834 821 835 
3 835 821 822 
3 835 822 836 
3 836 822 823 
3 836 823 837 
3 837 823 838 
3 838 823 824 
3 839 825 840 
3 840 825 826 
3 840 826 841 
3 841 826 827 
3 841 827 842 
3 842 827 828 
3 842 828 843 
3 843 828 829 
3 843 829 830 
3 843 830 844 
3 844 830 831 
3 844 831 845 
3 845 831 846 
3 846 831 832 
3 846 832 833 
3 846 833 847 
3 847 833 834 
3 847 834 848 
3 848 834 835 
3 848 835 849 
3 849 835 836 
3 849 836 850 
3 850 836 837 
3 850 837 838 
3 850 838 851 
3 852 839 840 
3 852 840 853 
3 853 840 841 
3 853 841 854 
3 854 841 842 
3 854 842 855 
3 855 842 843 
3 855 843 856 
3 856 843 844 
3 856 844 845 
3 856 845 857 
3 857 845 858 
3 858 845 846 
3 858 846 859 
3 859 846 847 
3 859 847 848 
3 859 848 860 
3 860 848 849 
3 860 849 861 
3 861 849 850 
3 861 850 851 
3 861 851 862 
3 863 852 853 
3 863 853 864 
3 864 853 854 
3 864 854 865 
3 865 854 866 
3 866 854 855 
3 866 855 867 
3 867 855 856 
3 867 856 868 
3 868 856 857 
3 868 857 858 
3 868 858 869 
3 869 858 859 
3 869 859 860 
3 869 860 870 
3 870 860 861 
3 870 861 871 
3 871 861 862 
3 872 863 864 
3 872 864 865 
3 872 865 873 
3 873 865 866 
3 873 866 867 
3 873 867 868 
3 873 868 869 
3 873 869 874 
3 874 869 870 
3 874 870 871 
3 876 875 877 
3 877 875 878 
3 878 875 879 
3 879 875 880 
3 881 876 877 
3 881 877 882 
3 882 877 878 
3 882 878 883 
3 883 878 879 
3 883 879 884 
3 884 879 880 
3 884 880 885 
3 886 881 882 
3 886 882 887 
3 887 882 883 
3 887 883 888 
3 888 883 889 
3 889 883 884 
3 889 884 890 
3 890 884 885 
3 891 892 893 
3 891 893 894 
3 891 894 895 
3 891 895 896 
3 891 896 897 
3 891 897 898 
3 892 899 893 
3 893 899 900 
3 893 900 901 
3 893 901 894 
3 894 901 902 
3 894 902 895 
3 895 902 903 
3 895 903 896 
3 896 903 904 
3 896 904 905 
3 896 905 897 
3 897 905 898 
3 898 905 906 
3 899 907 908 
3 899 908 900 
3 900 908 901 
3 901 908 909 
3 901 909 902 
3 902 909 903 
3 903 909 910 
3 903 910 904 
3 904 910 911 
3 904 911 905 
3 905 911 912 
3 905 912 906 
3 907 913 908 
3 908 913 914 
3 908 914 915 
3 908 915 909 
3 909 915 916 
3 909 916 910 
3 910 916 917 
3 910 917 911 
3 911 917 918 
3 911 918 919 
3 911 919 912 
3 912 919 920 
3 913 921 922 
3 913 922 914 
3 914 922 923 
3 914 923 915 
3 915 923 924 
3 915 924 916 
3 916 924 925 
3 916 925 917 
3 917 925 926 
3 917 926 918 
3 918 926 919 
3 919 926 927 
3 919 927 920 
3 928 938 929 
3 929 938 939 
3 929 939 930 
3 930 939 940 
3 930 940 931 
3 931 940 932 
3 932 940 933 
3 933 940 941 
3 933 941 934 
3 934 941 942 
3 934 942 935 
3 935 942 943 
3 935 943 936 
3 936 943 944 
3 936 944 937 
3 937 944 945 
3 938 946 939 
3 939 946 947 
3 939 947 948 
3 939 948 940 
3 940 948 949 
3 940 949 941 
3 941 949 942 
3 942 949 950 
3 942 950 943 
3 943 950 951 
3 943 951 952 
3 943 952 944 
3 944 952 953 
3 944 953 945 
3 945 953 954 
3 946 955 947 
3 947 955 956 
3 947 956 948 
3 948 956 957 
3 948 957 949 
3 949 957 958 
3 949 958 959 
3 949 959 950 
3 950 959 951 
3 951 959 960 
3 951 960 952 
3 952 960 961 
3 952 961 953 
3 953 961 962 
3 953 962 954 
3 954 962 963 
3 955 964 965 
3 955 965 956 
3 956 965 966 
3 956 966 957 
3 957 966 967 
3 957 967 958 
3 958 967 968 
3 958 968 959 
3 959 968 969 
3 959 969 960 
3 960 969 970 
3 960 970 961 
3 961 970 962 
3 962 970 971 
3 962 971 972 
3 962 972 963 
3 973 992 974 
3 974 992 993 
3 974 993 975 
3 975 993 994 
3 975 994 976 
3 976 994 995 
3 976 995 977 
3 977 995 996 
3 977 996 978 
3 978 996 997 
3 978 997 979 
3 979 997 998 
3 979 998 980 
3 980 998 981 
3 981 998 999 
3 981 999 982 
3 982 999 983 
3 983 999 1000 
3 983 1000 984 
3 984 1000 1001 
3 984 1001 985 
3 985 1001 1002 
3 985 1002 1003 
3 985 1003 986 
3 986 1003 987 
3 987 1003 1004 
3 987 1004 988 
3 988 1004 989 
3 989 1004 1005 
3 989 1005 990 
3 990 1005 1006 
3 990 1006 991 
3 991 1006 1007 
3 992 1008 993 
3 993 1008 1009 
3 993 1009 1010 
3 993 1010 994 
3 994 1010 1011 
3 994 1011 995 
3 995 1011 996 
3 996 1011 1012 
3 996 1012 997 
3 997 1012 1013 
3 997 1013 998 
3 998 1013 999 
3 999 1013 1014 
3 999 1014 1015 
3 999 1015 1000 
3 1000 1015 1016 
3 1000 1016 1001 
3 1001 1016 1002 
3 1002 1016 1017 
3 1002 1017 1003 
3 1003 1017 1018 
3 1003 1018 1019 
3 1003 1019 1004 
3 1004 1019 1020 
3 1004 1020 1005 
3 1005 1020 1006 
3 1006 1020 1021 
3 1006 1021 1007 
3 1008 1022 1009 
3 1009 1022 1023 
3 1009 1023 1010 
3 1010 1023 1024 
3 1010 1024 1011 
3 1011 1024 1025 
3 1011 1025 1012 
3 1012 1025 1026 
3 1012 1026 1013 
3 1013 1026 1027 
3 1013 1027 1014 
3 1014 1027 1015 
3 1015 1027 1028 
3 1015 1028 1029 
3 1015 1029 1016 
3 1016 1029 1030 
3 1016 1030 1017 
3 1017 1030 1031 
3 1017 1031 1018 
3 1018 1031 1032 
3 1018 1032 1019 
3 1019 1032 1033 
3 1019 1033 1020 
3 1020 1033 1034 
3 1020 1034 1035 
3 1020 1035 1021 
3 1022 1036 1037 
3 1022 1037 1023 
3 1023 1037 1038 
3 1023 1038 1024 
3 1024 1038 1039 
3 1024 1039 1025 
3 1025 1039 1040 
3 1025 1040 1026 
3 1026 1040 1027 
3 1027 1040 1041 
3 1027 1041 1028 
3 1028 1041 1042 
3 1028 1042 1043 
3 1028 1043 1029 
3 1029 1043 1030 
3 1030 1043 1044 
3 1030 1044 1031 
3 1031 1044 1045 
3 1031 1045 1032 
3 1032 1045 1046 
3 1032 1046 1033 
3 1033 1046 1047 
3 1033 1047 1034 
3 1034 1047 1035 
3 1035 1047 1048 
3 1036 1049 1037 
3 1037 1049 1050 
3 1037 1050 1038 
3 1038 1050 1051 
3 1038 1051 1039 
3 1039 1051 1052 
3 1039 1052 1040 
3 1040 1052 1053 
3 1040 1053 1041 
3 1041 1053 1042 
3 1042 1053 1054 
3 1042 1054 1055 
3 1042 1055 1043 
3 1043 1055 1056 
3 1043 1056 1044 
3 1044 1056 1045 
3 1045 1056 1057 
3 1045 1057 1046 
3 1046 1057 1058 
3 1046 1058 1047 
3 1047 1058 1048 
3 1048 1058 1059 
3 1049 1060 1050 
3 1050 1060 1061 
3 1050 1061 1051 
3 1051 1061 1062 
3 1051 1062 1063 
3 1051 1063 1052 
3 1052 1063 1064 
3 1052 1064 1053 
3 1053 1064 1065 
3 1053 1065 1054 
3 1054 1065 1055 
3 1055 1065 1066 
3 1055 1066 1056 
3 1056 1066 1057 
3 1057 1066 1067 
3 1057 1067 1058 
3 1058 1067 1068 
3 1058 1068 1059 
3 1060 1069 1061 
3 1061 1069 1062 
3 1062 1069 1070 
3 1062 1070 1063 
3 1063 1070 1064 
3 1064 1070 1065 
3 1065 1070 1066 
3 1066 1070 1071 
3 1066 1071 1067 
3 1067 1071 1068 
3 1072 1073 1074 
3 1072 1074 1075 
3 1072 1075 1076 
3 1072 1076 1077 
3 1073 1078 1074 
3 1074 1078 1079 
3 1074 1079 1075 
3 1075 1079 1080 
3 1075 1080 1076 
3 1076 1080 1081 
3 1076 1081 1077 
3 1077 1081 1082 
3 1078 1083 1079 
3 1079 1083 1084 
3 1079 1084 1080 
3 1080 1084 1085 
3 1080 1085 1086 
3 1080 1086 1081 
3 1081 1086 1087 
3 1081 1087 1082 
3 1751 1720 1752 
3 1752 1720 1721 
3 1752 1721 1753 
3 1753 1721 1722 
3 1753 1722 1754 
3 1754 1722 1723 
3 1754 1723 1755 
3 1755 1723 1724 
3 1755 1724 1725 
3 1755 1725 1756 
3 1756 1725 1726 
3 1756 1726 1757 
3 1757 1726 1758 
3 1758 1726 1727 
3 1758 1727 1728 
3 1758 1728 1759 
3 1759 1728 1729 
3 1759 1729 1760 
3 1760 1729 1730 
3 1760 1730 1761 
3 1761 1730 1731 
3 1761 1731 1762 
3 1762 1731 1732 
3 1762 1732 1763 
3 1763 1732 1733 
3 1763 1733 1764 
3 1764 1733 1734 
3 1764 1734 1765 
3 1765 1734 1766 
3 1766 1734 1735 
3 1766 1735 1767 
3 1767 1735 1736 
3 1767 1736 1768 
3 1768 1736 1737 
3 1768 1737 1769 
3 1769 1737 1738 
3 1769 1738 1770 
3 1770 1738 1739 
3 1770 1739 1771 
3 1771 1739 1740 
3 1771 1740 1772 
3 1772 1740 1741 
3 1772 1741 1742 
3 1772 1742 1773 
3 1773 1742 1743 
3 1773 1743 1774 
3 1774 1743 1775 
3 1775 1743 1744 
3 1775 1744 1776 
3 1776 1744 1745 
3 1776 1745 1777 
3 1777 1745 1746 
3 1777 1746 1747 
3 1777 1747 1778 
3 1778 1747 1748 
3 1778 1748 1779 
3 1779 1748 1749 
3 1779 1749 1780 
3 1780 1749 1750 
3 1780 1750 1781 
3 1720 1689 1690 
3 1720 1690 1721 
3 1721 1690 1691 
3 1721 1691 1722 
3 1722 1691 1723 
3 1723 1691 1692 
3 1723 1692 1724 
3 1724 1692 1693 
3 1724 1693 1694 
3 1724 1694 1725 
3 1725 1694 1695 
3 1725 1695 1726 
3 1726 1695 1696 
3 1726 1696 1727 
3 1727 1696 1697 
3 1727 1697 1728 
3 1728 1697 1729 
3 1729 1697 1698 
3 1729 1698 1730 
3 1730 1698 1699 
3 1730 1699 1700 
3 1730 1700 1731 
3 1731 1700 1701 
3 1731 1701 1732 
3 1732 1701 1733 
3 1733 1701 1702 
3 1733 1702 1734 
3 1734 1702 1703 
3 1734 1703 1735 
3 1735 1703 1704 
3 1735 1704 1736 
3 1736 1704 1705 
3 1736 1705 1737 
3 1737 1705 1706 
3 1737 1706 1707 
3 1737 1707 1738 
3 1738 1707 1739 
3 1739 1707 1708 
3 1739 1708 1740 
3 1740 1708 1709 
3 1740 1709 1741 
3 1741 1709 1710 
3 1741 1710 1742 
3 1742 1710 1711 
3 1742 1711 1743 
3 1743 1711 1712 
3 1743 1712 1713 
3 1743 1713 1744 
3 1744 1713 1745 
3 1745 1713 1714 
3 1745 1714 1746 
3 1746 1714 1715 
3 1746 1715 1716 
3 1746 1716 1747 
3 1747 1716 1717 
3 1747 1717 1748 
3 1748 1717 1749 
3 1749 1717 1718 
3 1749 1718 1750 
3 1750 1718 1719 
3 1808 1782 1809 
3 1809 1782 1783 
3 1809 1783 1810 
3 1810 1783 1811 
3 1811 1783 1784 
3 1811 1784 1812 
3 1812 1784 1785 
3 1812 1785 1813 
3 1813 1785 1814 
3 1814 1785 1786 
3 1814 1786 1787 
3 1814 1787 1815 
3 1815 1787 1816 
3 1816 1787 1788 
3 1816 1788 1817 
3 1817 1788 1789 
3 1817 1789 1818 
3 1818 1789 1790 
3 1818 1790 1819 
3 1819 1790 1791 
3 1819 1791 1820 
3 1820 1791 1792 
3 1820 1792 1821 
3 1821 1792 1793 
3 1821 1793 1822 
3 1822 1793 1794 
3 1822 1794 1823 
3 1823 1794 1795 
3 1823 1795 1824 
3 1824 1795 1796 
3 1824 1796 1825 
3 1825 1796 1797 
3 1825 1797 1826 
3 1826 1797 1798 
3 1826 1798 1827 
3 1827 1798 1799 
3 1827 1799 1828 
3 1828 1799 1829 
3 1829 1799 1800 
3 1829 1800 1801 
3 1829 1801 1830 
3 1830 1801 1802 
3 1830 1802 1803 
3 1830 1803 1804 
3 1830 1804 1831 
3 1831 1804 1805 
3 1831 1805 1806 
3 1831 1806 1832 
3 1832 1806 1807 
3 1832 1807 1833 
3 1834 1808 1809 
3 1834 1809 1810 
3 1834 1810 1811 
3 1834 1811 1812 
3 1834 1812 1835 
3 1835 1812 1813 
3 1835 1813 1814 
3 1835 1814 1815 
3 1835 1815 1816 
3 1835 1816 1817 
3 1835 1817 1818 
3 1835 1818 1819 
3 1835 1819 1836 
3 1836 1819 1820 
3 1836 1820 1821 
3 1836 1821 1822 
3 1836 1822 1837 
3 1837 1822 1823 
3 1837 1823 1824 
3 1837 1824 1825 
3 1837 1825 1838 
3 1838 1825 1826 
3 1838 1826 1839 
3 1839 1826 1827 
3 1839 1827 1840 
3 1840 1827 1828 
3 1840 1828 1841 
3 1841 1828 1829 
3 1841 1829 1842 
3 1842 1829 1830 
3 1842 1830 1843 
3 1843 1830 1831 
3 1843 1831 1844 
3 1844 1831 1832 
3 1844 1832 1845 
3 1845 1832 1833 
3 1872 1846 1873 
3 1873 1846 1847 
3 1873 1847 1874 
3 1874 1847 1875 
3 1875 1847 1848 
3 1875 1848 1876 
3 1876 1848 1849 
3 1876 1849 1877 
3 1877 1849 1878 
3 1878 1849 1850 
3 1878 1850 1851 
3 1878 1851 1879 
3 1879 1851 1880 
3 1880 1851 1852 
3 1880 1852 1881 
3 1881 1852 1853 
3 1881 1853 1882 
3 1882 1853 1854 
3 1882 1854 1883 
3 1883 1854 1855 
3 1883 1855 1884 
3 1884 1855 1856 
3 1884 1856 1885 
3 1885 1856 1857 
3 1885 1857 1886 
3 1886 1857 1858 
3 1886 1858 1887 
3 1887 1858 1859 
3 1887 1859 1888 
3 1888 1859 1860 
3 1888 1860 1889 
3 1889 1860 1861 
3 1889 1861 1890 
3 1890 1861 1862 
3 1890 1862 1891 
3 1891 1862 1863 
3 1891 1863 1892 
3 1892 1863 1893 
3 1893 1863 1864 
3 1893 1864 1865 
3 1893 1865 1894 
3 1894 1865 1866 
3 1894 1866 1867 
3 1894 1867 1868 
3 1894 1868 1895 
3 1895 1868 1869 
3 1895 1869 1870 
3 1895 1870 1896 
3 1896 1870 1871 
3 1896 1871 1897 
3 1898 1872 1873 
3 1898 1873 1874 
3 1898 1874 1875 
3 1898 1875 1876 
3 1898 1876 1899 
3 1899 1876 1877 
3 1899 1877 1878 
3 1899 1878 1879 
3 1899 1879 1880 
3 1899 1880 1881 
3 1899 1881 1882 
3 1899 1882 1883 
3 1899 1883 1900 
3 1900 1883 1884 
3 1900 1884 1885 
3 1900 1885 1886 
3 1900 1886 1901 
3 1901 1886 1887 
3 1901 1887 1888 
3 1901 1888 1889 
3 1901 1889 1902 
3 1902 1889 1890 
3 1902 1890 1903 
3 1903 1890 1891 
3 1903 1891 1904 
3 1904 1891 1892 
3 1904 1892 1905 
3 1905 1892 1893 
3 1905 1893 1906 
3 1906 1893 1894 
3 1906 1894 1907 
3 1907 1894 1895 
3 1907 1895 1908 
3 1908 1895 1896 
3 1908 1896 1909 
3 1909 1896 1897 
